3.3233688 -41.85814 243.54875
1.6715975 -60.43548 227.36995
0.43437225 7.122179 247.42111
19.553946 -42.195644 241.6764
28.813725 -17.686642 245.16821
21.32149 2.0710123 236.26744
13.346433 2.1458452 257.53925
15.826846 34.93931 263.83994
14.652843 67.77053 279.8442
-11.934671 -43.03064 242.61528
-20.425663 -19.826786 249.20787
-16.549416 4.896349 239.48628
-11.251854 5.602705 258.17502
-8.278256 40.882797 268.89902
-7.5395575 74.08306 286.4592
4.2749114 -61.437153 228.43027
8.995668 -58.760303 237.14693
0.7177401 -62.574677 228.95682
-2.1463954 -59.74829 235.37518
3.324236 -41.847347 243.48659
1.7100765 -60.398083 227.34294
0.43629795 7.125807 247.43315
19.40845 -42.23775 241.37688
28.546701 -17.743797 244.7707
20.888357 2.3541815 236.37973
13.526239 2.0020697 257.81924
16.021864 34.73918 264.01993
14.846159 67.56049 280.1071
-11.862886 -43.05483 242.66803
-20.370003 -19.872551 249.50183
-16.83464 4.878031 240.05554
-11.304099 5.3685856 258.58243
-8.356402 40.461174 269.6041
-7.573574 73.38379 287.30762
4.3076997 -61.374546 228.39339
8.993113 -58.71939 237.07881
0.7909766 -62.533634 228.86714
-2.0986373 -59.69708 235.32907
3.326373 -41.84627 243.47314
1.6897823 -60.425014 227.30376
0.4374486 7.1181836 247.40974
19.492836 -42.245117 241.31665
28.726768 -17.709608 244.56075
21.107983 1.9668468 235.72243
13.320986 2.1638494 257.51617
15.589693 35.020042 263.62534
14.398695 67.929924 279.29495
-11.767668 -43.02961 242.57257
-20.233055 -19.776031 249.27916
-16.784328 5.201466 239.82008
-11.137868 5.4927793 258.07736
-8.298254 40.692924 268.9032
-7.543254 73.78657 286.35226
4.2721376 -61.41502 228.34027
8.985379 -58.752754 237.02686
0.7626451 -62.540356 228.83675
-2.1029925 -59.72938 235.32263
3.320956 -41.84707 243.54015
1.7029091 -60.54405 227.41234
0.42370152 7.2810416 247.39598
19.38474 -42.252094 241.33519
28.487564 -17.710505 244.75092
20.86712 2.413961 236.15034
13.469707 2.0675178 257.5631
15.76333 34.782585 263.47632
14.798424 67.46303 279.19705
-12.024635 -43.00256 242.74033
-20.375809 -19.697582 249.49799
-17.039368 5.618646 239.83772
-11.169113 5.848829 257.48038
-7.978767 41.14199 268.03134
-7.1019015 74.46565 285.21945
4.2657566 -61.55989 228.48508
8.928585 -58.81665 237.1434
0.22003603 -63.41156 229.6413
-2.50417 -60.697716 235.84662
3.312197 -41.83446 243.52376
1.542136 -60.32454 227.01227
0.71039116 7.263593 248.56253
19.766712 -42.20693 241.52678
28.937803 -17.74619 245.3657
21.016165 2.6920063 236.9657
13.217836 1.8544934 257.8659
15.081403 34.36087 264.1074
14.167719 66.846924 279.7796
-12.0926 -42.77417 242.73425
-20.642235 -19.530409 249.4826
-17.652431 6.4045386 239.82788
-10.904507 5.542192 258.3222
-7.4978585 40.54638 269.27124
-6.3024907 73.578094 286.84488
4.11071 -61.41085 228.14511
8.814168 -58.806187 236.73991
-0.016692014 -63.233578 229.15393
-2.6614537 -60.70081 235.56355
3.321939 -41.864414 243.69653
1.3658407 -60.161938 226.78452
0.7578531 7.1967344 249.08319
20.08696 -42.003456 242.24449
29.238762 -17.21576 246.02864
21.40462 3.1671286 236.86014
12.633895 2.5142965 256.56622
14.574142 35.85006 262.23752
13.422643 69.1431 277.21252
-12.210902 -42.804546 242.68333
-20.899302 -19.52438 249.08278
-17.510035 6.12778 239.36084
-11.162216 5.623603 258.5743
-8.171164 40.702515 269.36862
-7.110417 73.7974 286.76215
3.9393482 -61.238987 227.91017
8.822296 -58.805416 236.51231
-0.28630438 -63.057064 228.95381
-2.81825 -60.660965 235.46706
3.280806 -41.898575 243.79874
1.7330902 -59.435776 226.40837
0.8988117 7.171379 249.74947
20.278086 -41.994347 242.4157
29.4526 -17.128376 246.04787
21.62631 2.938835 236.42934
12.563522 2.5852125 256.62994
14.397896 35.87352 262.45004
13.194607 68.98334 277.3072
-12.212334 -42.8357 242.865
-20.891455 -19.66019 249.28818
-17.709412 6.386116 239.4314
-11.086116 5.4278336 259.10318
-8.170926 40.54242 270.10013
-6.9400854 73.4587 287.73224
4.911146 -60.024708 227.58998
9.475291 -58.391323 235.68915
-0.64674366 -62.936554 228.77293
-3.0460882 -60.657543 235.46872
3.301588 -41.895603 243.7661
1.6702064 -60.46363 227.13687
0.8041927 7.6997967 249.17436
20.50878 -41.977005 242.33093
29.488745 -17.16107 245.83618
20.164402 0.9964886 235.45251
12.493263 2.1775646 257.36832
13.598437 35.20246 264.59543
12.724969 67.677826 279.98657
-10.973672 -42.940742 243.15005
-19.320486 -20.15473 250.72008
-17.457474 6.383272 241.1166
-11.28348 5.443178 260.78775
-9.125647 40.35871 272.52884
-8.02281 72.88733 291.24072
4.096806 -61.605976 228.22731
8.855028 -59.075336 236.86496
0.87296194 -62.70507 229.23854
-2.1152108 -60.158043 235.63617
3.3021479 -41.91324 243.78242
1.6905841 -60.45004 227.03304
0.8207338 7.6143994 249.06757
20.330856 -41.968414 242.39252
29.411255 -17.066565 245.44926
20.458088 1.1967055 235.0168
12.796397 2.7563446 256.9774
13.922934 35.899357 264.11472
12.9998865 68.58483 279.28363
-10.849219 -42.85157 242.81412
-19.302927 -20.066257 250.28998
-17.763788 6.704495 240.60344
-11.343612 5.6880727 260.3872
-8.992277 40.562763 272.41382
-8.060713 73.294556 290.64203
4.134954 -61.61288 228.17328
8.899608 -59.097893 236.87325
0.78934956 -62.62969 229.1526
-2.1548443 -60.06774 235.60973
3.302961 -41.966095 244.12239
1.3508798 -60.48721 227.59317
0.68775314 7.777205 249.1286
20.448942 -41.89576 242.44281
29.708971 -16.766682 245.5393
20.679747 2.0991654 235.39221
12.69846 3.433741 256.03836
13.825575 36.99596 262.66425
12.849885 69.94788 277.5567
-11.591941 -43.195538 244.16617
-19.536242 -20.22575 252.36366
-17.966784 7.4192834 243.30705
-11.540973 6.084883 260.33176
-9.092544 41.15144 271.86636
-8.045573 74.2552 289.9847
3.884236 -61.70501 228.7683
8.860142 -59.1745 237.27316
-0.40646893 -63.41483 229.89264
-2.648065 -61.075012 236.5449
3.2928934 -41.989567 244.34482
1.4331186 -59.973644 227.44067
0.83310324 7.8604293 249.54388
20.655144 -41.92382 242.65521
30.026878 -16.854094 245.51337
21.042252 1.247358 235.05226
12.911398 3.2034967 256.89853
14.088319 36.37593 264.0254
13.325479 68.89055 279.47977
-12.104537 -43.10053 244.38333
-19.713404 -19.772669 252.07552
-17.557802 7.8605247 242.79633
-11.466391 6.0706267 260.85162
-9.1763525 41.04606 272.55292
-8.337913 74.212524 290.93692
4.6368604 -60.599937 228.56549
9.479691 -58.79593 236.5045
-0.48716566 -63.389355 230.0106
-2.7887883 -61.04446 236.76036
3.3447056 -42.01096 244.57098
1.4466352 -60.47826 228.06956
1.0613451 7.875888 249.86414
20.308329 -41.9307 243.44034
28.974522 -17.05399 246.50822
20.35371 0.68775064 235.63235
12.855838 2.6649463 257.91183
14.087606 36.0183 266.046
13.407628 68.248695 281.83426
-13.179977 -43.42133 243.23672
-21.36346 -19.271717 249.37181
-16.88791 6.7907057 240.77599
-10.891045 6.43233 261.2654
-8.272662 41.41905 273.34018
-7.604592 74.66345 291.96912
3.9853065 -61.679344 229.1814
8.958035 -59.362743 237.6371
0.699023 -62.5732 229.81154
-2.2832706 -60.149918 236.50546
3.3803577 -42.01624 244.67155
1.5130764 -60.322857 228.01343
1.2587951 7.7924013 250.83244
20.539377 -42.07926 243.9053
29.358124 -17.281942 247.38092
20.997837 0.48067552 236.39302
13.087288 2.2429054 258.05133
14.538413 35.21417 266.28427
14.015188 67.32326 282.45792
-13.536457 -43.54928 242.75233
-21.048502 -18.759874 248.68643
-14.95426 6.9304895 239.13148
-11.151794 6.086011 261.74432
-8.960979 41.08121 273.95038
-8.264025 74.239876 292.66263
3.9577324 -61.503506 229.0685
8.858258 -59.27225 237.51134
0.9177734 -62.475033 229.76845
-2.1787696 -60.09449 236.39851
3.409096 -42.027843 244.80722
1.5907679 -60.351223 228.12688
1.3038327 7.7891617 251.00749
20.507296 -42.119423 244.07414
29.341022 -17.304207 247.52228
20.95037 0.4475248 236.41545
13.090244 2.3117673 257.86368
14.608731 35.443695 265.55377
14.117994 67.84709 281.331
-13.567768 -43.505592 242.81917
-21.009127 -18.528646 248.36516
-14.276747 6.406231 238.42377
-11.047825 6.2812195 261.4141
-8.691197 41.344193 273.3828
-8.019976 74.633804 291.7962
4.017284 -61.534985 229.17467
8.884535 -59.296856 237.62419
0.9406504 -62.445442 229.85406
-2.173736 -60.113285 236.51819
3.4417493 -42.05631 244.99179
1.9499829 -60.102753 228.02649
1.2911202 7.930438 251.5037
20.580423 -42.093132 244.2245
29.605862 -17.276342 247.7526
21.18978 0.45675159 236.8746
13.512962 2.2386348 258.11566
15.035229 35.333836 265.76587
14.587136 67.62935 281.6824
-13.604649 -43.555458 243.1165
-20.998692 -18.679356 248.83887
-14.387857 5.4632826 238.6939
-10.986652 6.358344 261.50525
-8.6763735 41.494686 273.4257
-7.912042 74.8852 291.74167
4.3448524 -61.25431 229.0172
9.018841 -59.162643 237.65247
1.326945 -62.25261 229.97743
-1.9421123 -60.002945 236.42354
3.4780903 -42.10217 245.17592
2.4617245 -59.79009 227.91208
1.3753124 8.4733925 252.57149
20.345457 -42.083454 245.19644
29.322594 -17.347914 249.38756
21.998539 0.24278215 238.49097
13.408557 2.3367763 258.39304
14.820848 35.80415 265.8347
13.986365 68.49707 281.6592
-13.678448 -43.228806 242.43307
-20.939392 -17.77775 247.72307
-13.127661 5.8525577 237.51363
-11.141624 6.58723 261.0809
-8.809998 41.97086 272.56143
-8.287241 75.555786 290.4644
4.874789 -60.922737 228.82321
9.129469 -58.95954 237.49654
1.8383367 -62.35407 229.8211
-1.571786 -60.220104 236.17116
3.502558 -42.162464 245.41359
2.4989688 -59.88346 228.16754
1.4551879 8.629463 252.82382
20.552027 -41.942677 245.43631
29.44404 -17.002476 249.72864
21.67245 1.0199015 238.78244
12.973144 2.0948107 257.90414
14.728272 35.79831 264.72482
13.81213 68.88955 280.13116
-13.270722 -43.04025 242.2628
-20.35987 -17.632933 247.34999
-12.142402 6.149632 238.111
-11.270809 6.536881 261.11533
-8.308617 42.02616 272.71585
-7.608858 75.58829 290.4639
4.984927 -60.995785 229.1285
9.110131 -59.133926 237.7158
2.0712755 -62.433044 230.16557
-1.3802563 -60.278103 236.45966
3.522709 -42.24956 245.73573
2.6442733 -60.035046 228.3654
1.3820252 8.679912 252.89342
20.799164 -42.09416 245.59917
29.760105 -17.082977 249.91371
22.336462 2.2660282 239.39182
13.152232 2.7953327 257.8042
14.688161 37.027016 264.3074
13.928711 70.31697 279.45517
-13.411422 -43.17329 243.05257
-20.449059 -17.60052 248.70148
-12.233817 5.6677613 240.01701
-11.352084 6.285441 261.90533
-8.444081 42.006638 273.48514
-7.5044093 75.55384 291.0146
5.126549 -61.044125 229.23242
9.096379 -58.962845 237.98454
1.9973283 -62.41445 230.41792
-1.5114074 -60.37796 236.68532
3.5410357 -42.300465 245.83304
2.7081628 -60.021584 228.41284
1.400278 8.572812 253.25919
20.611504 -42.163055 246.0171
29.448072 -17.210938 250.80269
22.330055 2.2582827 240.72005
12.951307 2.0932856 258.0874
14.748694 35.791466 264.7492
13.887962 68.70025 280.3694
-13.509052 -43.270508 243.1379
-20.756622 -17.691679 249.20891
-12.612816 5.880662 240.59776
-11.058014 5.8520555 262.67862
-8.128129 41.38465 274.8733
-7.153383 74.65088 292.93436
5.1972957 -61.032757 229.29729
9.142892 -58.950645 238.04523
2.1135259 -62.374767 230.34917
-1.4088515 -60.37348 236.60149
3.5767217 -42.343884 245.84634
2.1197467 -59.844692 227.98401
1.583676 7.7785053 253.82852
20.97109 -42.188946 246.05118
30.262104 -17.283531 251.43164
23.306948 3.6353664 241.90015
12.6329775 1.5072994 258.6294
13.812184 35.536808 265.05118
12.778642 68.96733 280.6445
-13.523011 -42.761826 242.98651
-20.604166 -16.66537 249.75972
-12.270607 7.704603 241.74097
-11.205259 4.895735 261.8689
-8.595528 40.065365 273.63968
-7.495326 73.08255 291.0625
4.8284183 -60.857296 228.89967
9.065876 -58.955658 237.42981
1.5243789 -62.07512 229.61299
-1.7816895 -60.156517 236.10753
3.610384 -42.384136 245.84001
2.0083702 -59.872456 228.08258
1.6222881 7.622751 253.79135
20.625143 -42.45246 246.06586
29.484264 -17.77251 251.3544
22.628328 3.3753872 242.01569
12.599197 1.6931552 259.08597
14.4409075 35.66577 265.87274
13.403291 68.937805 281.79187
-13.193865 -42.785957 242.73265
-20.344717 -16.776697 248.89038
-12.07811 7.7122746 240.89214
-11.257124 5.3339863 261.73044
-8.3316965 40.60498 273.65347
-7.190782 73.882805 291.105
4.764437 -60.829876 228.95801
9.1111355 -58.910778 237.48715
1.3230016 -62.14189 229.39488
-1.8401096 -60.10628 236.02414
3.643647 -42.40604 245.74472
2.1944005 -59.79353 228.16997
1.6652343 7.5659413 253.44754
20.486115 -42.4815 245.71487
29.419786 -17.641531 250.80127
22.64251 3.3517268 241.68158
12.519185 1.1102526 259.29254
14.645603 34.737114 265.56567
13.295071 67.819695 281.34818
-13.336869 -42.68753 242.61116
-20.568697 -16.59091 248.89273
-12.214832 7.7018704 240.69646
-11.185108 5.1175046 261.50415
-8.422434 40.42375 273.4612
-7.545101 73.548225 290.8666
4.913335 -60.781246 229.046
9.286211 -58.970062 237.5078
1.5246446 -62.261593 229.42282
-1.7958663 -60.06386 235.93938
3.6854997 -42.418705 245.608
2.2335415 -59.843258 227.94904
1.7010059 7.527634 253.57285
20.26638 -42.574398 245.69858
29.195564 -17.901152 251.24394
22.804394 3.4970973 242.39296
12.374553 1.1290821 259.36197
14.570617 34.701565 266.10977
13.072177 67.59123 282.12662
-13.283186 -42.587704 242.53488
-20.444613 -16.627014 249.10925
-12.205971 7.893456 241.25864
-11.348429 4.8642507 261.71606
-8.943735 40.02084 273.78168
-8.205436 72.95749 291.66714
4.8795037 -60.802876 228.80818
9.218423 -58.933895 237.24936
1.4973133 -62.175056 229.01862
-1.9029784 -60.043392 235.53584
3.7262235 -42.422546 245.4785
2.2159772 -60.06168 227.98389
1.7037771 7.5552263 252.9922
20.573797 -42.473984 245.39958
29.498491 -17.75334 250.42029
22.508123 2.8662274 240.90668
12.244359 1.3185397 259.1564
14.089969 35.014538 266.3285
12.537018 67.85897 282.36624
-13.085289 -42.445942 242.30954
-20.299892 -16.49427 249.10736
-11.763361 7.758054 241.84126
-11.568198 4.450177 261.68884
-9.508915 39.524723 273.4648
-8.735538 72.22849 291.47144
4.877131 -61.051224 228.85817
9.2719555 -59.082016 237.35982
1.5716605 -62.37941 229.25253
-1.9473524 -60.28302 235.85373
3.7999182 -42.415867 245.3397
2.3131769 -60.02143 227.88081
1.7281213 7.6384377 252.48979
20.688026 -42.442177 245.05234
29.740356 -17.692108 250.12975
22.693363 3.07836 240.79442
12.241494 1.196608 259.01175
13.931335 34.60567 266.33594
12.433929 67.19717 282.4861
-13.312942 -42.811966 242.72743
-20.629337 -16.918545 249.8645
-12.2489 7.567641 242.07028
-11.848641 4.3386445 261.91385
-10.1636505 39.393528 273.50967
-9.311543 71.98458 291.76443
4.991767 -60.955967 228.72145
9.380415 -59.028152 237.23125
1.776454 -62.365402 229.27483
-1.7216458 -60.292137 235.80656
3.8521657 -42.414135 245.24988
2.4607232 -60.113808 228.02533
1.791646 7.747101 252.41844
21.059391 -42.411556 245.02122
30.202934 -17.445179 249.75618
23.065111 3.031189 239.8609
12.286907 1.2574692 259.02133
14.089297 34.65332 266.37122
12.578268 67.18032 282.5006
-13.0098505 -42.73989 242.85292
-20.088024 -16.79633 250.06306
-11.668933 7.921463 242.20671
-11.72756 4.1368103 262.28076
-9.8741045 39.14112 274.04572
-8.746243 71.51466 292.67218
5.1076784 -61.077084 228.8892
9.504033 -59.113697 237.32204
1.7503278 -62.432125 229.46172
-1.5038159 -60.35781 235.8861
3.8974042 -42.41552 245.17151
2.5933857 -60.081734 227.8983
1.9248809 7.7471905 252.5294
20.949823 -42.352154 245.18552
30.008987 -17.434303 250.06349
23.093159 2.3778594 240.28981
12.553307 1.1751004 259.08212
14.377897 34.399616 266.02304
12.888691 66.81496 282.1656
-13.026295 -42.81265 242.56616
-19.843454 -16.792902 249.36673
-11.584221 8.703745 241.37267
-11.749456 4.3067074 261.88593
-9.73129 39.43745 273.45496
-8.624642 72.001335 291.8154
5.170913 -61.02883 228.74548
9.505469 -59.026672 237.27254
1.850115 -62.40093 229.46434
-1.420827 -60.38523 235.85706
3.9455488 -42.399204 245.07959
2.5656807 -60.136368 227.71094
1.9840937 7.5268965 252.65204
20.790861 -42.328793 245.01631
29.858047 -17.580141 249.94589
23.127272 1.7556411 240.32332
12.651469 0.76454085 259.3073
14.875804 34.074265 265.19107
13.413531 66.7238 280.84265
-12.782275 -42.67524 242.53723
-19.990417 -17.057663 249.60822
-11.929235 7.8249235 242.05582
-11.688817 3.792186 260.64294
-10.651339 39.038383 270.8144
-9.236827 71.67254 288.05728
5.1184707 -61.042156 228.58473
9.379511 -59.037445 237.07227
1.9784559 -62.520985 229.35725
-1.313202 -60.35585 235.69374
3.993842 -42.375305 244.92389
2.5701318 -60.107758 227.52446
2.0815494 7.426322 252.79642
20.891047 -42.270107 244.5732
29.966331 -17.399488 249.42546
22.791327 2.2607524 240.11032
12.70505 0.8484409 259.11685
14.665274 34.065372 265.26825
13.192483 66.58509 281.08002
-12.921208 -42.731724 242.58734
-20.074692 -17.042519 249.77972
-11.849885 7.8848715 242.00768
-11.557153 3.74359 260.46036
-10.493312 39.015667 270.71405
-9.111692 71.6542 287.8933
5.15572 -61.031376 228.40329
9.45052 -59.042515 236.86287
1.9167234 -62.516903 229.12508
-1.3573462 -60.322212 235.49925
4.0335126 -42.36681 244.83992
2.5957253 -60.117935 227.46619
2.1067798 7.385428 252.59167
20.906652 -42.19757 244.63545
30.049288 -17.25227 249.57559
22.914818 2.5776124 240.36043
12.820308 1.0562006 258.6394
14.959554 34.33736 264.2817
13.468263 67.088196 279.87418
-12.790252 -42.6808 242.57506
-19.9612 -16.975609 249.89539
-11.949665 7.9516892 242.45827
-11.391318 4.022265 259.63086
-10.074789 39.26569 269.71158
-8.826501 72.1079 286.71506
5.1837883 -61.068825 228.34596
9.525364 -58.968323 236.81612
1.8802595 -62.45229 228.99998
-1.3719447 -60.277477 235.41995
4.068644 -42.34998 244.70486
2.6935017 -60.040215 227.21947
2.218789 7.6733303 252.53712
20.962364 -42.234974 244.61333
30.006687 -17.38965 249.51662
22.895391 2.2176611 240.0322
12.80798 0.89742875 258.70758
14.899764 34.10566 264.62857
13.423889 66.72407 280.3816
-12.87218 -42.62327 242.28212
-20.02896 -16.901314 249.5662
-11.816627 7.7268047 242.13991
-11.331046 3.9679244 259.71448
-10.071925 39.12052 269.94638
-8.752566 71.8323 287.13312
5.2832103 -61.002666 228.13956
9.606584 -58.97413 236.67853
2.1412144 -62.32553 228.86597
-1.2448591 -60.188465 235.18758
4.0970306 -42.349323 244.83678
2.3264177 -59.98305 227.67003
2.2498698 7.9222207 252.06502
20.890074 -42.21567 244.63522
29.603468 -17.273115 249.32205
22.07976 2.7233453 239.88684
12.555983 1.4857659 258.18307
14.383488 34.92553 264.19965
12.830668 67.779305 279.65115
-12.692965 -42.66236 242.22986
-19.794783 -16.903708 249.38104
-11.290455 7.752192 242.25215
-11.294474 4.366591 259.64633
-10.135947 39.786507 269.72882
-8.913249 72.64792 286.9235
4.8796144 -61.168472 228.56221
9.761599 -59.223373 236.96854
1.9143165 -62.17412 229.2121
-1.5038265 -60.08981 235.59502
4.1471305 -42.3735 245.14278
2.508898 -59.927357 227.89624
2.3445084 7.984253 252.76433
21.05795 -42.219627 245.07535
30.006834 -17.08014 249.42853
22.425613 2.5793839 239.5154
12.595166 1.8310356 257.46893
14.1121645 35.601418 263.0833
12.47855 68.9219 278.0605
-12.70495 -42.760056 242.39766
-19.70561 -16.732845 249.39194
-10.702739 8.0640335 242.20914
-11.543133 4.463661 259.74707
-10.576274 40.134956 269.60486
-9.550142 73.105385 286.57535
4.9395967 -61.103428 228.77768
9.649713 -59.084415 237.23387
1.9847572 -62.23193 229.41835
-1.4512224 -60.268303 235.74402
4.2075872 -42.39962 245.47327
2.5168033 -60.031578 228.28795
2.1862285 7.8353252 253.07668
21.235273 -42.324585 245.3532
30.07896 -17.19503 249.31023
22.295578 2.3019845 238.78062
12.908189 2.1326692 257.18552
14.185428 36.04938 262.97638
12.752635 69.52276 277.99454
-12.704497 -42.877483 243.06467
-19.527452 -16.97848 250.2547
-10.562731 8.065523 243.00859
-11.558106 4.4315395 260.32092
-10.902946 40.20924 270.38663
-9.58285 73.073296 287.26578
4.8896756 -61.16089 229.09438
9.588464 -59.13106 237.49493
1.9982675 -62.292683 229.60762
-1.4221104 -60.250225 235.97548
4.2604527 -42.434414 245.88191
2.5930452 -60.125496 228.82094
2.1903963 7.9326563 253.14691
21.445148 -42.26286 245.74432
30.257107 -16.958893 249.26865
22.475916 2.381654 238.1895
13.103654 2.2788708 257.2504
14.609676 36.49805 262.92038
13.34002 70.23368 278.09802
-12.73229 -42.937057 243.39806
-19.53407 -17.014967 250.24542
-10.637032 7.7852716 242.66519
-11.635436 4.581567 260.3193
-10.924463 40.2214 270.23117
-9.688404 73.27498 287.0292
4.9665093 -61.304302 229.64326
9.712825 -59.30088 238.03142
2.0244322 -62.495667 230.27643
-1.3599893 -60.369183 236.69891
4.298793 -42.43985 246.02927
2.8216379 -59.808895 229.23332
2.2629664 7.610139 253.92354
21.475475 -42.506634 245.53061
30.331491 -17.456457 248.87947
22.020418 1.0209056 237.76517
12.929827 2.1812603 258.27853
14.569489 35.673744 263.8335
12.68235 68.85806 279.64835
-12.545026 -42.938396 243.4213
-19.410172 -16.919258 249.75732
-10.793995 7.17484 242.15411
-11.484796 4.3990755 259.56033
-10.809821 39.926224 268.9112
-10.12813 73.086845 285.73846
5.148509 -60.88399 229.73885
9.699856 -59.012657 238.19304
2.288923 -62.547234 230.35126
-1.100321 -60.343464 236.75232
4.358494 -42.449234 246.19356
2.33539 -59.50265 228.85426
2.6446378 7.2705665 254.01784
21.506144 -42.501324 245.69185
30.25587 -17.3037 249.30058
22.404804 2.5000587 239.14755
12.967158 2.1416297 258.917
15.287938 35.484303 265.20297
13.413244 68.48177 280.9406
-12.485901 -42.903625 243.8267
-19.413412 -17.2362 250.75447
-10.604839 5.917005 243.01054
-11.76351 4.5759864 260.05777
-11.002926 39.89919 269.798
-10.449177 73.15278 287.26663
4.7819524 -60.658222 229.43248
9.778932 -59.038795 238.13692
1.8576471 -62.82713 230.56223
-1.4842864 -60.4037 236.94461
4.412079 -42.478027 246.46971
2.3679423 -59.493362 229.09564
2.7488 7.1974363 254.49747
21.502604 -42.48726 245.85065
30.270945 -17.393589 249.68492
22.510138 1.5619459 239.56723
13.431164 2.7461805 258.7247
15.626882 36.26756 264.869
13.83786 69.34467 280.56158
-12.486269 -43.04502 244.1171
-19.269033 -17.334745 251.14789
-10.394144 5.870158 243.37051
-11.807465 4.797961 260.2163
-11.050816 40.39105 269.7577
-10.451479 73.86932 286.86942
4.8020377 -60.614838 229.64038
9.803744 -58.98178 238.36894
1.7654986 -62.827595 230.77505
-1.4800155 -60.43434 237.16464
4.459277 -42.474873 246.57457
2.514025 -59.525486 229.28682
2.7237668 7.3947864 254.69429
21.359118 -42.47063 245.55667
30.07873 -17.237246 249.24031
22.288834 1.9240605 239.11441
13.532937 2.3639712 259.45087
16.195936 35.783302 265.07236
14.44623 68.68707 280.79593
-12.721269 -43.306084 244.7501
-19.680054 -17.567286 251.3361
-11.446264 5.6780124 242.64769
-11.339103 4.136867 260.97055
-10.66199 39.33538 271.04352
-9.826626 72.36504 288.4638
4.9806304 -60.55872 229.9885
9.854611 -59.204792 238.62776
1.6653856 -62.85815 231.0767
-1.3889488 -60.57235 237.30693
4.502833 -42.493702 246.60303
3.0742457 -58.84852 229.03549
3.0215647 7.245126 256.16248
21.67071 -42.588955 245.57689
29.974089 -17.291496 249.2938
21.546864 1.4028252 238.90988
13.525084 2.0285387 259.62323
16.290236 35.308544 265.72696
14.194306 67.83808 281.64145
-12.789961 -42.966553 243.83806
-19.538492 -16.918467 249.47868
-10.32297 6.1634912 240.2473
-11.376433 5.0034113 262.06027
-10.048626 40.451496 272.98862
-9.781193 73.515144 290.73242
5.202513 -59.87351 229.5519
9.532114 -58.600266 238.35156
1.8355646 -62.213413 230.45627
-1.1163375 -60.22733 236.23845
4.5731606 -42.55291 246.94786
3.1119173 -59.149193 229.39658
3.3891246 7.2356763 256.20465
21.369366 -42.731327 245.48213
29.311024 -17.2952 249.20952
20.535208 1.8912778 239.51172
13.956659 2.9447331 259.20844
16.553276 36.779964 264.73248
14.54379 69.645004 279.83472
-12.902672 -43.074413 244.43513
-19.853525 -17.080902 250.84587
-11.117782 7.284146 241.86877
-11.945438 5.376618 260.578
-11.375174 41.39979 270.11746
-10.969706 75.01841 286.4894
5.2900033 -60.24569 230.03105
9.625653 -58.857845 238.75627
1.7616292 -62.414143 231.13551
-1.0224031 -60.424255 236.72128
4.643048 -42.60606 247.10992
3.064024 -59.10168 229.3909
3.2838967 7.9218135 256.33966
21.345497 -42.919155 245.51875
29.223846 -17.50828 249.13683
20.224531 1.935016 239.59506
14.13688 2.5206292 259.8107
16.77422 35.944088 264.96796
14.736379 68.45063 280.57837
-12.891799 -43.224792 244.50774
-19.918396 -17.347153 251.1333
-11.100583 6.4447856 242.15909
-11.590714 5.0564113 261.31467
-10.031985 40.866383 271.64355
-9.203575 74.17186 288.05447
5.328888 -60.12953 230.02568
9.743997 -58.963566 238.46843
1.7885821 -62.523067 231.3654
-0.91654897 -60.809803 237.17667
4.7152734 -42.654144 247.2422
3.0483823 -59.28354 229.5569
3.3175752 8.067419 256.25272
21.642912 -42.967907 245.62973
29.790373 -17.609581 249.16643
20.937141 1.5472473 239.451
13.930712 2.399958 259.76526
16.152567 35.83417 265.26923
14.147206 68.24874 280.4293
-12.777772 -43.19812 244.40564
-20.086575 -17.48132 251.23898
-11.661618 6.8267503 242.52925
-11.640813 5.096171 261.93008
-10.380115 40.981083 272.41467
-9.315109 74.25939 289.03543
5.360199 -60.325478 230.18619
9.901303 -59.090958 238.64
1.8665279 -62.681652 231.60547
-0.8220807 -60.92662 237.44705
4.842928 -42.7425 247.50093
4.1771636 -59.391003 229.56564
3.585092 6.6930294 256.95013
20.911871 -42.73301 246.75195
27.686687 -17.559147 251.01508
19.299253 2.1127682 241.78369
13.659079 2.4181995 258.817
15.279202 36.268852 264.97217
13.027002 68.95287 278.77466
-12.904283 -42.822014 244.61678
-20.75307 -16.814255 251.25183
-10.989633 4.1209545 241.3148
-11.149348 5.6781254 260.49786
-9.882595 41.72081 269.82104
-9.342322 76.00774 285.56403
6.5717244 -60.554623 230.50835
10.788587 -59.161022 239.31348
2.621365 -62.993263 231.57884
-0.50842506 -61.127037 237.36795
4.939044 -42.83803 247.70293
5.103645 -59.044365 229.40515
3.5678976 6.5817385 257.2412
21.424362 -42.83931 247.08304
28.008553 -17.655907 251.4345
19.440155 1.5598571 241.90352
13.9369335 2.1334655 259.0284
15.928612 36.276226 264.51636
13.723403 68.889656 278.01315
-12.233479 -42.633545 243.83655
-19.773504 -16.436094 250.0038
-8.920635 4.992303 240.31987
-10.304394 5.9503946 259.56464
-8.32351 42.03133 268.7416
-8.575878 76.58153 284.741
7.2055254 -60.223705 230.33177
11.192044 -59.27436 239.55069
3.2811239 -62.811504 231.14787
-0.26526672 -60.975765 236.9461
5.0109015 -42.931446 247.70816
5.6016808 -59.250366 229.7683
3.4759355 6.724929 257.1315
21.487946 -42.81083 247.27367
28.133919 -17.465979 251.70573
20.14028 2.7677453 242.59
14.645977 0.7550498 259.62552
17.324137 34.13254 264.30203
15.488532 66.71846 278.61023
-11.880371 -43.29323 243.36125
-18.988304 -16.806185 249.57272
-10.311903 7.717456 243.04202
-9.991522 5.9044447 259.55264
-7.7578626 41.677967 268.38504
-7.7668853 76.22323 284.77103
7.616961 -60.505917 230.7953
11.668703 -59.59541 240.04926
3.3074784 -62.477554 231.21783
-1.1240863 -60.81591 237.47678
5.120759 -42.980854 247.45253
5.3321505 -59.69403 229.22646
3.4687147 7.2345233 256.7459
21.355608 -42.583923 247.41177
27.536287 -17.080215 251.98769
19.146559 3.1121478 242.43138
15.062875 0.37263072 259.23083
17.487303 33.35532 262.72473
15.744729 65.80229 276.82492
-12.295964 -43.556316 243.41203
-19.545397 -17.18487 248.91208
-8.704845 5.6474757 241.5566
-10.099178 4.9442782 260.30365
-8.626564 40.46143 269.1623
-8.25371 74.3137 285.5052
7.689193 -60.901585 230.37102
12.125164 -59.919 239.70914
2.9035447 -62.837605 230.99243
-1.2271513 -61.075344 237.3765
5.2117167 -43.017326 246.99506
5.0584173 -59.253414 228.3525
3.797728 6.4690046 257.91943
20.79594 -42.494965 246.32994
26.85397 -16.86276 250.19572
18.116781 2.2310553 240.84416
15.572716 0.1683036 259.00055
18.095467 33.40892 263.014
16.287853 65.61153 277.18716
-12.280644 -43.189 244.62358
-18.21304 -17.658075 249.24138
-6.7647996 0.30638418 239.02045
-9.85228 4.761264 260.23206
-7.6547685 40.065277 269.84564
-7.11113 73.99535 286.22943
7.23449 -60.25827 229.3995
11.698969 -59.608562 238.67206
2.8146765 -62.27161 229.8765
-1.0451995 -60.501102 236.1318
5.309386 -43.059845 246.65308
4.619873 -59.039726 227.78055
3.9597673 6.5218973 257.836
20.644289 -42.51306 246.36649
26.802334 -17.023003 250.35216
18.67079 1.3384674 241.13474
15.218702 0.20759657 259.09674
17.784678 33.52762 263.06125
15.56159 66.166794 277.51822
-12.633202 -43.55747 244.72012
-18.365404 -18.31386 248.18129
-5.9220996 -2.320308 236.20683
-10.011055 4.7817736 259.842
-7.1871896 39.910866 269.92108
-6.3643336 73.954544 286.1478
6.788377 -59.995327 228.72868
11.610788 -59.508175 237.95726
2.4664657 -62.04705 229.29355
-1.1719085 -60.385693 235.81201
5.3790307 -43.18778 246.60017
4.6701527 -59.322136 227.88249
3.8794065 6.2291765 257.1691
20.392525 -42.44872 246.96126
26.457438 -17.064667 251.73082
19.547499 2.2704556 242.60579
14.762553 0.5194065 259.0636
16.99116 33.81662 263.34927
14.700243 66.48424 277.83252
-11.776696 -42.997425 244.15083
-17.224691 -17.37771 247.30922
-4.5950665 -2.3111255 235.95532
-9.455047 5.3560534 259.72546
-5.795443 40.51291 270.2454
-4.9522834 74.851364 286.28107
6.842937 -60.330196 228.89412
11.655193 -59.703743 238.00311
2.6940644 -62.172012 229.25793
-0.8804512 -60.500134 235.6998
5.496119 -43.338974 246.73499
4.475683 -59.514526 228.08319
4.2961936 5.571631 259.02274
21.03915 -42.667206 247.32767
27.126328 -17.329256 252.251
20.036226 1.414664 242.03238
14.486832 1.0860317 259.11295
16.61614 35.259186 263.9611
14.393701 68.41024 277.9059
-12.120868 -43.983078 245.23003
-17.334478 -19.330553 247.34248
-3.7157023 -11.904162 233.13306
-9.983474 5.4783235 258.83972
-7.095346 40.649284 268.57025
-6.959331 75.25351 284.35437
6.597571 -60.43909 228.95117
11.72973 -59.712208 238.09102
2.777293 -62.209045 229.14952
-0.78864837 -60.291046 235.51678
5.5358815 -43.36377 245.95627
3.930782 -58.80106 227.08076
4.566389 7.3208585 257.57614
20.70552 -42.85252 246.9717
26.147861 -18.20744 252.74239
19.336468 1.4801831 242.66081
16.259079 0.47134826 259.80817
19.28553 33.718136 265.06332
17.696648 66.03422 280.63876
-12.31488 -43.64318 244.09575
-16.363575 -19.156424 244.43939
-0.5044333 -14.800158 229.4462
-8.845003 2.7127118 262.47253
-5.777504 36.745182 274.16483
-4.755108 69.214066 292.35858
6.0287223 -59.783073 227.78433
11.482274 -59.02408 236.95091
1.7618235 -61.895275 228.39867
-1.1895066 -60.179264 234.96616
5.5556326 -43.37966 244.91876
3.9669132 -58.70826 226.0076
4.1283493 7.5728984 254.65575
20.443571 -42.656036 245.22708
26.13787 -17.484076 250.97028
19.417414 2.4921336 241.60011
15.404267 -0.59962523 260.9787
18.159742 32.649715 266.4754
17.137897 64.857 282.46506
-12.035364 -43.924484 243.69623
-17.401894 -20.165918 245.43538
-2.5897508 -15.63248 228.44759
-8.14559 1.6545366 263.87976
-4.260324 34.714092 276.6747
-2.5416274 66.26643 295.92484
5.9603 -59.842865 226.77655
11.674311 -58.896507 235.91301
1.687353 -61.75295 227.12874
-1.2567528 -60.049885 233.81322
5.5971346 -43.337467 244.54655
3.2450058 -58.413258 225.87198
4.42598 8.861208 253.97418
21.07048 -42.701122 243.82805
27.95855 -18.20378 250.43423
20.862316 1.906134 242.02289
14.392934 -1.7101685 260.40125
15.644838 30.927038 266.8606
15.278987 62.44461 281.56192
-12.719747 -44.269432 243.69754
-19.39559 -21.627237 245.85342
-4.6021266 -17.865992 227.64395
-8.273169 1.5094322 264.1226
-6.5275617 34.844368 277.887
-6.747542 66.2365 299.36914
5.471755 -59.735847 226.42137
10.948838 -58.53317 235.66252
0.9058607 -62.09934 226.86475
-1.3042055 -60.793423 233.53406
5.607136 -43.334625 243.98334
2.5708632 -57.3661 224.96362
4.7734637 6.109342 255.63824
20.490194 -42.682644 241.77667
28.89812 -18.258043 249.19228
22.74432 1.4817331 242.6703
13.463596 -1.6696723 259.44443
13.359715 31.895555 266.91574
12.886953 64.27629 281.43567
-12.501447 -44.554474 244.5405
-19.401321 -23.05793 247.73416
-6.031853 -17.477806 229.31203
-6.635649 -0.5822471 261.78506
-5.008961 32.484222 275.23868
-4.4376607 64.71636 294.481
5.1491437 -58.57183 225.66577
10.7527275 -57.610424 234.38274
0.048825167 -60.46954 225.1739
-1.8289477 -59.863937 231.99567
5.5871425 -43.214085 243.67578
2.5750892 -56.87988 223.2361
6.781373 3.3779852 260.78833
21.44735 -42.60872 238.92664
37.956993 -23.654043 242.36797
34.441208 -13.963081 234.92403
14.063419 -1.1464136 263.34024
16.373888 30.693346 271.4797
16.756672 62.92346 290.336
-10.395735 -44.85087 246.69052
-19.385319 -27.380024 261.7579
-17.182869 -6.6549506 256.15503
-8.181056 1.6406424 256.6259
-9.8239355 35.864002 265.557
-11.113001 69.0318 282.85486
4.815802 -57.888042 224.54337
10.695228 -56.480106 233.79839
-0.7734777 -58.526752 223.89531
-1.7162534 -58.425846 231.23784
5.61253 -43.138508 243.8069
2.6829548 -57.333733 223.76576
7.185791 3.7528636 259.95462
21.372925 -42.647865 239.90515
38.54858 -23.49573 242.1067
35.17221 -15.275273 232.77249
14.058852 -0.7118275 263.82062
15.645608 31.24087 272.47318
15.730426 63.840733 291.46957
-10.500145 -44.68035 246.57397
-20.811708 -26.378819 260.98087
-20.461485 -5.1067557 253.85628
-8.615051 2.0104663 256.73444
-9.872514 35.827717 266.19537
-10.873789 69.17681 283.41312
4.713728 -58.205204 225.00679
10.597984 -56.845394 234.4542
-0.7468837 -58.864433 224.41135
-1.7163309 -58.47479 231.71198
5.6290402 -42.9638 243.5241
3.2416377 -55.136738 222.29878
7.428173 2.7346957 263.81036
21.03416 -43.462135 241.30225
39.79817 -25.82425 243.59625
39.509556 -16.174143 232.45161
15.3460865 -1.9399488 263.4667
17.149382 31.514645 273.7994
16.316645 62.5303 292.01123
-11.9175415 -45.4256 247.47522
-26.348154 -26.992212 258.33322
-29.491331 -8.719635 242.00479
-7.7245197 1.2894633 264.03058
-9.190981 35.18182 277.24545
-9.981488 67.22208 298.995
5.267528 -56.125546 223.30157
10.89694 -55.30186 232.12317
-0.09868814 -57.284492 222.35518
-1.901433 -57.2884 229.31808
5.594435 -42.806267 243.0205
4.306082 -54.00042 221.39227
5.2430305 3.6912642 260.4395
22.691721 -43.32052 240.59995
43.901577 -27.825878 238.53516
46.95358 -18.268538 228.02892
12.404624 -1.6653109 259.6403
13.708503 32.942135 267.27682
11.379252 65.77837 281.3058
-10.692105 -44.793613 245.63446
-23.269419 -25.158659 255.8775
-24.921036 -5.9891634 242.51552
-7.7755566 3.007083 257.67392
-7.826931 36.442356 266.51105
-7.590681 70.27224 282.4497
6.377359 -54.986736 222.23582
11.818836 -55.438976 230.99329
0.82790947 -57.077282 221.00235
-1.8671207 -56.95815 228.11052
5.59446 -42.50299 243.03749
3.4306753 -53.158375 221.47884
4.5602155 2.3421273 263.10724
22.64559 -43.01153 242.48271
44.927006 -26.958054 234.9557
48.94049 -23.287886 214.59511
12.708263 -1.0624595 259.94562
10.332734 33.380505 268.1453
9.93399 66.8961 282.45792
-12.023077 -45.054283 246.16917
-23.227688 -28.122284 260.93774
-20.190336 -6.490255 254.86783
-6.743292 -0.16837457 263.65054
-10.47374 33.15082 273.22946
-10.513962 66.0472 290.68994
6.368382 -54.024876 222.31387
11.762384 -54.712852 230.99013
0.12965499 -56.52036 221.645
-1.8392738 -56.77547 228.75032
5.4714622 -42.315598 243.89421
2.707689 -54.010513 223.44339
4.352875 2.2098975 263.05078
21.646023 -42.67988 246.37123
43.154434 -25.005505 242.92392
49.973618 -23.577639 224.38739
15.3252535 -0.64637613 257.49268
17.4641 34.56001 261.25003
16.962118 69.351326 273.71307
-12.330779 -44.835594 248.51431
-23.16513 -26.412176 261.26974
-18.898172 -6.0949883 255.9453
-7.13268 0.13228366 263.22253
-8.753238 34.020023 271.89966
-6.5412035 66.59185 288.6919
5.5675807 -55.067318 224.32933
10.87871 -55.519634 232.90431
0.5572184 -56.831387 222.23387
-2.033404 -56.998123 229.83629
5.3518143 -42.134876 244.67763
2.737538 -54.090797 224.32245
4.864417 1.6476156 262.4732
22.177223 -42.70344 246.80406
44.036484 -25.253428 242.51636
50.30899 -23.237474 222.90144
14.660121 -0.31444722 257.0743
15.763829 35.164757 260.7496
15.391101 70.15204 272.2636
-12.381156 -44.68199 249.40596
-23.199648 -26.280056 262.1241
-19.03066 -6.974127 257.1058
-7.3092556 -0.1345728 264.25668
-9.861944 33.77282 273.19785
-8.41182 66.08952 289.71533
5.5176163 -55.047768 225.10837
10.8181095 -55.166557 233.75293
0.50007737 -56.913628 223.30794
-2.1806352 -56.745564 230.81192
5.15262 -41.92853 244.71342
3.9223256 -53.601044 224.71783
4.835749 0.65710145 264.1696
22.515886 -43.169617 246.34315
43.797062 -24.103235 243.20248
46.117954 -24.216494 222.1317
13.688129 -1.0957215 259.64493
14.427801 33.62749 265.11423
13.522825 67.59139 277.66592
-13.01501 -44.286568 247.82997
-22.828508 -26.440943 262.34235
-17.383413 -5.6532393 260.32672
-6.1748695 0.36024553 260.33032
-10.020872 32.509884 266.6203
-10.542792 64.86349 282.55942
6.642982 -55.172638 225.2563
11.152925 -54.53137 233.65671
1.4725237 -57.198956 223.8632
-1.758048 -56.380653 230.18645
4.983503 -41.770706 243.20741
2.9788463 -54.489647 222.92035
3.1742122 4.5423093 259.05734
19.82814 -42.03858 241.76761
38.76799 -25.75067 235.40413
37.148438 -22.99629 221.92554
12.931421 -0.7543865 264.3148
15.473004 33.116295 272.87692
13.234699 65.59387 288.63574
-13.993856 -44.56907 247.6546
-25.303873 -30.024017 267.2189
-19.394785 -8.1092 270.33554
-6.121527 2.1475873 258.29898
-3.4822028 35.30995 266.20172
-6.021546 68.11961 281.49124
5.1961455 -55.18378 223.78271
10.670938 -53.93648 232.68059
0.4728906 -57.762325 223.4363
-1.8455155 -56.577114 230.4807
4.8360505 -41.749012 242.31387
3.310695 -54.68523 224.05386
0.07793156 4.3519974 260.04602
19.396727 -42.254314 239.23694
37.163696 -25.16781 233.20145
34.58373 -23.632591 221.53674
13.4766245 -0.63677603 258.7367
14.776353 34.562466 265.8963
14.014552 68.95851 277.36453
-10.188794 -45.731045 250.16791
-25.447311 -33.306713 265.1252
-28.741962 -23.878239 255.3885
-4.8947535 2.4281464 257.38818
-4.1767073 35.74973 263.68726
-6.612108 69.50614 276.46707
4.755419 -54.878033 223.72746
10.4090805 -53.63967 232.28203
-0.22573598 -57.98266 223.6131
-2.3195798 -57.310226 230.19229
4.7898846 -41.760067 242.89552
5.063325 -55.393353 225.38947
-2.7940702 4.972496 259.64685
19.900072 -42.058678 239.82124
38.779003 -25.61755 233.0323
34.542843 -24.319286 217.97592
13.187851 -0.70874405 256.26785
13.248162 34.231697 262.22723
13.284584 68.85051 273.89758
-9.43496 -45.45202 249.9377
-29.109896 -36.772087 257.59164
-36.069683 -34.832237 246.23854
-8.4159355 2.8340416 254.75795
-11.373825 35.847794 258.6049
-13.988579 69.49955 273.25876
7.573441 -56.21429 225.38441
11.605418 -54.369057 234.24854
1.9089473 -60.277683 225.54996
-2.0425491 -58.5571 231.91116
4.715173 -41.798832 243.62961
6.017275 -55.9039 226.74422
-3.5781896 6.2860928 257.52304
16.762424 -42.174877 238.60645
33.97767 -24.472956 238.13202
32.44801 -19.048826 226.85477
14.397496 -1.2840711 256.05276
15.027764 34.022503 260.10843
15.357107 68.92482 270.69125
-9.839019 -45.32701 249.45605
-29.939508 -36.563797 256.37708
-36.767365 -35.91645 243.45865
-7.220621 4.642023 256.32977
-10.140908 38.72819 261.70322
-10.076883 73.04033 275.30133
8.279374 -56.922626 227.21674
11.781634 -54.606606 236.27846
2.1814146 -60.389053 226.12564
-1.832642 -59.01615 232.51025
4.247468 -41.51315 244.63327
7.283005 -56.016434 225.56891
-3.2930129 4.1518865 256.04517
21.514294 -41.673428 243.51968
28.680574 -20.40121 244.0536
18.419281 -21.091911 229.50401
14.537101 -0.52847224 259.93683
17.39434 35.44595 264.39813
17.129944 69.76577 276.97992
-12.188036 -43.611465 243.61183
-24.125616 -22.079836 245.51695
-17.069849 -9.0781355 233.91107
-9.989054 3.8060691 247.80643
-11.535989 37.430653 248.41013
-13.121498 70.96653 257.9772
9.337999 -57.009827 226.83676
12.169738 -55.45167 237.23228
5.0496464 -59.295055 226.57811
0.4742234 -57.76966 232.3514
3.7984643 -40.95331 244.35756
6.679537 -57.745358 230.719
0.118341096 4.5162263 248.9676
19.154564 -40.168613 243.09265
22.090675 -17.036058 244.35452
8.009495 -18.516058 231.52734
13.348371 -3.348371 258.55692
19.824348 28.646528 256.48752
20.991219 62.193985 270.0896
-7.730109 -42.619637 239.76187
-11.574911 -20.562244 237.22595
3.6979635 -24.89031 229.11723
-15.257528 1.47835 247.17361
-16.78642 31.494062 245.02913
-18.701286 64.4409 254.11247
8.605524 -58.637188 231.679
10.6557255 -56.809097 241.0554
4.204868 -60.50469 230.49799
0.5114902 -57.716915 234.52585
3.493485 -40.560585 242.72833
2.9926023 -53.68034 224.99536
-1.0152218 3.130213 251.97932
15.672678 -39.335365 239.95226
17.225323 -16.1325 234.05998
-1.29442 -26.178492 223.05118
14.168514 -0.49912044 257.0643
21.843887 30.021067 261.1682
25.397646 63.942104 273.07687
-5.0927496 -42.351463 242.01117
-11.395664 -22.193996 236.472
3.1270046 -30.427843 225.52336
-15.533926 1.7660887 251.4732
-19.661283 32.038013 250.99898
-20.696814 64.49097 261.81415
3.967808 -54.158638 225.51613
9.113781 -54.33345 235.04347
-0.20332569 -55.462914 226.7741
-1.901295 -55.643585 231.87068
3.0672429 -40.38792 240.87483
1.9322969 -54.69641 223.30957
-4.808233 2.6439633 251.24675
17.432688 -39.312607 237.94379
20.516611 -16.470198 237.012
3.853872 -13.721711 224.43097
15.672678 0.23828176 256.8391
29.971413 26.424496 263.10092
33.229088 56.14887 277.8347
-10.338509 -45.805084 242.73898
-26.569992 -33.896423 243.01634
-17.524557 -34.448395 228.84637
-15.747496 0.9118657 251.25465
-17.889347 31.69926 252.09349
-18.724579 63.019848 263.85968
2.2645345 -56.066406 222.46588
7.391345 -51.58959 231.63947
1.6580509 -57.65664 225.08914
-1.7814168 -56.239883 230.41882
2.4340951 -40.22607 239.96687
-0.7905276 -57.121784 226.54213
-6.2426834 6.6239357 246.1521
15.621102 -38.61221 232.89491
21.584875 -16.84503 226.9292
4.98628 -11.296888 217.77043
16.866537 0.2034493 259.07776
28.090904 27.856678 265.53235
31.818798 57.779278 282.42224
-8.07534 -44.488857 248.89203
-24.439878 -34.579086 260.81125
-30.228462 -39.7494 251.23769
-10.887425 4.155632 250.84624
-12.455928 35.856915 254.76909
-12.550596 68.732376 266.09763
0.72308767 -57.83043 225.64635
6.328635 -52.110725 234.09793
-0.44734 -59.673023 228.80524
-1.1488056 -57.170616 233.69373
1.9250667 -40.249596 240.21893
0.7722368 -58.14073 228.70482
-8.679227 6.3228025 244.7535
16.823105 -40.054077 236.85689
25.884207 -19.247213 233.86183
16.111448 -13.870082 220.35999
11.907381 4.8038473 253.43216
18.219837 35.860813 260.84973
23.312277 70.503746 276.11224
-6.075795 -43.78713 247.67326
-26.599827 -35.268814 256.99277
-36.91373 -45.43801 250.06001
-12.331906 5.77571 251.40202
-15.746673 39.119755 254.50464
-15.563115 72.4452 265.45807
1.5051887 -59.271748 227.3764
6.5735407 -52.64588 235.27708
0.5876974 -60.90905 229.40596
-0.618611 -57.69098 233.9735
1.4469906 -40.352776 240.77167
-2.2829885 -58.105312 229.38438
-9.50908 6.582183 245.6568
16.693304 -39.451622 233.82831
24.653336 -17.412912 230.24152
9.6334305 -10.688275 221.00383
14.725174 4.3731527 251.59764
18.819172 35.54779 257.5234
26.910452 67.79153 270.73618
-7.0156546 -42.412426 247.05945
-27.157005 -31.894194 252.75458
-36.60297 -44.92585 242.76994
-14.181697 6.022048 249.67993
-19.937004 41.798058 251.95393
-19.730087 75.724556 262.85126
-0.56995505 -58.87416 228.60625
5.6730285 -53.38771 234.92877
-1.8794321 -60.717564 230.20451
-1.8130213 -56.895367 234.69496
0.92392683 -40.32172 240.69598
-5.664418 -58.490047 228.97786
-5.838063 7.301521 246.83359
16.238277 -38.572323 231.48875
24.020172 -15.38277 229.35976
4.349759 -10.016028 219.98805
11.817312 4.482364 256.29007
17.998611 34.02712 264.1724
24.00919 67.186264 279.89035
-5.446727 -41.825882 248.50925
-19.258886 -23.423346 256.57263
-31.623236 -34.1057 247.61981
-14.578231 2.099929 250.3757
-16.68013 35.87158 253.83218
-15.451083 68.5795 265.42294
-3.0775366 -58.740944 228.29654
4.6390004 -54.711723 233.1568
-4.5094075 -61.795437 230.33206
-3.6900084 -57.46794 235.57555
0.13919824 -40.079243 240.80986
-7.3749175 -57.7425 230.5965
-1.2654375 1.4943597 246.7012
14.822631 -39.287994 233.82149
23.072243 -19.038773 221.31648
5.3045053 -24.522743 207.70262
13.1478405 1.0177972 261.7905
24.071505 28.52003 265.34662
31.3038 59.480873 281.81967
-9.832641 -41.391945 250.89508
-18.035217 -20.542068 255.16208
-23.881945 -26.688559 236.46057
-12.410795 4.385782 249.32367
-15.021666 37.860687 251.40353
-12.144918 72.10515 262.20575
-5.675235 -58.257435 229.59178
2.1524663 -53.656902 234.79527
-8.037171 -59.0733 231.35579
-7.3035355 -57.168148 237.48714
-0.6902887 -39.778236 239.95451
-8.074903 -56.387146 227.66783
-1.6962292 3.006779 246.71066
16.585852 -39.163826 235.28052
27.530895 -20.108866 223.67543
11.940378 -25.39258 208.03699
14.730814 0.31144363 259.35178
24.162212 28.980782 260.13855
31.62444 59.81936 276.2628
-13.177187 -41.491825 248.24658
-20.333002 -20.531977 252.9811
-20.836922 -22.270193 233.07234
-13.223271 2.224064 249.99193
-16.450592 33.87188 254.81024
-13.860275 65.83884 267.9483
-6.9358406 -56.455685 226.81842
1.7576088 -52.975357 232.76306
-8.682411 -58.341015 229.07108
-8.516388 -56.448734 235.72014
-1.3909026 -39.592865 238.77
-8.163097 -54.843605 224.1891
-1.2572126 4.0021915 248.12334
16.289257 -38.642082 232.517
25.883265 -19.025024 223.56808
6.721553 -25.60398 205.37378
13.520434 -0.3172358 261.43005
22.25563 28.105947 266.988
28.280012 56.723213 287.41412
-16.291107 -41.88365 246.68683
-22.566202 -20.07393 253.23228
-21.77856 -14.775904 234.21823
-13.8556185 3.4800055 254.13358
-15.764301 34.986008 262.56094
-14.55109 67.16513 279.826
-6.834731 -54.47212 223.09502
1.6990156 -52.263783 229.49269
-8.916599 -57.313362 226.41948
-8.939817 -55.745293 233.35446
-1.9332772 -39.64772 238.62228
-8.573059 -54.829403 223.06364
-3.5916662 3.114875 249.20987
13.1000185 -38.303017 232.73814
17.723759 -18.17988 222.55289
-1.3034295 -28.485804 207.02715
9.977162 0.75855196 258.22153
17.696802 31.226215 261.088
23.374409 64.020294 277.8431
-17.070354 -42.161552 246.68173
-23.661001 -20.660156 251.71857
-21.252922 -13.484975 231.38464
-13.517829 6.5094714 252.34369
-12.745389 41.160122 260.12415
-10.9175205 75.54316 273.9206
-7.630117 -54.545246 222.39902
1.3545324 -53.00371 229.1151
-10.196882 -57.23958 224.92523
-9.868802 -56.23234 232.7491
-2.6496143 -39.774315 240.23813
-9.884044 -48.991596 222.53514
-6.1558704 -0.009499596 259.99567
13.041251 -36.00931 233.39339
16.972284 -13.94819 232.71213
-5.682809 -19.431456 222.32297
8.067357 4.3937025 251.72057
10.848125 35.822487 258.88223
18.128149 71.43995 272.41318
-14.586104 -44.620106 250.47588
-30.474552 -36.988293 264.87192
-35.976715 -36.13053 256.21216
-12.029539 6.2605314 251.39275
-11.893532 40.852776 259.08548
-8.650212 76.23995 272.69247
-7.5368047 -48.550137 220.33076
1.4679067 -47.664776 225.71262
-10.4626665 -54.142082 222.72826
-10.006107 -55.055595 229.70338
-3.382529 -39.842865 241.68617
-9.542711 -49.282547 224.00223
-7.7841067 1.2828325 262.02655
12.540135 -36.739662 236.74614
20.299591 -14.512269 234.84848
3.09527 -19.531456 220.95424
7.529943 4.534641 250.72081
9.982169 35.626575 256.37592
17.73629 70.61863 269.71643
-15.282826 -45.10023 251.078
-33.007614 -35.669403 259.544
-39.419464 -32.91032 243.76425
-12.452383 6.4812846 254.59839
-12.308562 40.5367 263.1142
-8.403179 75.82578 277.85452
-7.455913 -49.38723 222.08376
0.7621447 -48.351852 228.00372
-10.908675 -54.41182 224.38225
-11.056146 -55.01999 231.06956
-4.209948 -39.799957 242.2722
-10.67549 -51.693737 226.43355
-8.130655 6.328042 260.54224
10.511472 -38.535133 238.16612
20.298813 -16.984163 234.02017
3.8426514 -22.410389 219.17375
7.275256 3.1961718 255.398
14.960677 31.953041 260.6393
21.902884 65.35154 275.85233
-13.884004 -42.68119 250.40868
-32.753975 -32.40887 263.1391
-49.366543 -33.594776 252.02664
-11.677127 6.182149 258.32526
-11.258129 40.568054 268.42694
-6.537553 74.46565 283.83032
-8.944709 -52.183346 224.0686
-1.1558481 -49.979706 230.59406
-12.751181 -55.62688 226.54102
-11.697113 -56.844856 232.90665
-5.116445 -39.58716 241.38574
-12.056623 -52.823368 226.03648
-9.611729 7.1309056 253.76537
10.266077 -37.864956 236.06593
21.053598 -14.643919 240.83951
12.925128 2.0792124 233.81674
8.683429 -0.22922869 259.74496
21.773672 26.516762 259.8417
25.519371 57.23134 276.35522
-10.707868 -42.736362 248.51631
-25.668816 -30.536688 262.17978
-41.957012 -38.793343 255.95042
-16.282816 4.8314595 256.0118
-17.985239 37.370117 262.97864
-13.466747 71.563835 273.91367
-10.205903 -53.54249 224.37209
-2.0381064 -50.52498 231.70398
-13.993065 -56.108223 227.30771
-12.347499 -55.96732 233.15146
-5.948743 -39.56431 241.38756
-13.244144 -53.946774 225.72821
-7.6939774 7.367804 249.22499
10.852937 -38.29644 235.3018
23.496708 -16.744713 237.74129
6.5662837 -11.557331 224.55386
9.798056 0.074049234 260.20035
21.257236 25.228556 260.3838
27.180815 56.6971 276.5648
-13.619556 -41.882435 247.55077
-27.943047 -23.864498 255.22018
-38.383743 -25.211258 247.58661
-20.242546 6.0561585 255.18246
-22.21393 40.27496 259.73822
-19.267685 74.628426 271.29257
-10.11777 -55.506725 225.64099
-1.5618871 -53.00081 232.91576
-14.830345 -57.025753 229.17255
-14.241462 -55.691875 235.48528
-6.4589715 -39.470932 241.88701
-15.10194 -53.18639 226.86166
-6.006386 4.049386 249.84377
8.131311 -38.136528 233.58453
12.867438 -16.780811 226.00334
-9.481343 -20.352407 213.52261
8.454492 -0.5325079 257.82
18.637384 26.9039 256.01105
23.404388 59.4916 273.44116
-16.844458 -40.720516 251.6254
-26.299198 -20.253317 255.17375
-31.34028 -26.024006 234.88065
-19.75215 5.4424715 256.70248
-24.13306 39.066116 259.59564
-19.344866 73.50159 272.00555
-13.370169 -54.18888 226.7644
-4.388091 -52.608833 233.27061
-16.546854 -55.200657 230.70071
-15.697013 -55.7136 237.45691
-6.9471784 -39.377285 242.28261
-15.335932 -53.44752 227.54385
-6.8220124 4.7437983 249.91354
7.4466496 -37.962032 233.68105
12.305397 -16.300138 226.81299
-9.861259 -19.343784 215.18549
7.919676 0.26520625 257.41647
18.147532 27.65181 254.16682
22.934978 60.29448 271.03763
-15.981523 -40.06418 251.48714
-24.409742 -19.3664 255.95706
-30.988537 -24.70373 237.18504
-19.243797 4.411149 257.4115
-23.087069 38.568832 259.7842
-17.157743 72.95327 270.74255
-13.488515 -54.31605 227.42825
-4.4412456 -52.838573 234.182
-16.805902 -55.283363 231.20404
-15.927178 -55.64572 238.09944
-7.299379 -39.242317 243.01541
-15.147374 -55.067318 228.51163
-6.8318005 5.272873 250.36864
7.52489 -37.180542 234.41351
10.1780615 -13.174067 230.16731
-15.504091 -15.545 220.66759
6.1086864 1.2001803 260.01334
16.065044 29.278603 260.31555
20.139275 61.317795 278.22485
-16.308764 -40.77796 253.58311
-22.443092 -18.995375 259.3506
-27.92361 -19.561436 240.45885
-19.516865 5.6341095 259.23148
-21.053556 40.105705 265.41238
-15.909561 72.43162 278.8171
-12.475733 -56.617245 228.4916
-4.167044 -54.17194 235.30888
-16.802265 -57.919987 231.69286
-15.740857 -55.766495 239.00652
-7.37532 -38.94938 243.20485
-17.29279 -53.783283 229.25537
-5.943428 6.959063 254.07582
6.1088076 -36.209732 234.58566
10.711445 -12.67411 236.39267
-11.394932 -10.128166 227.47946
3.076686 0.15520693 258.98434
15.672323 28.630373 261.9668
18.583477 59.244457 279.04733
-20.462244 -41.98389 252.51483
-26.411678 -20.3822 260.20474
-27.115788 -16.114998 240.78693
-18.672705 5.5417237 260.20038
-20.254063 38.75442 266.6383
-16.316153 71.98547 281.8889
-15.034207 -54.494305 228.44914
-5.6683354 -53.223675 233.69563
-18.789684 -56.788395 231.64542
-16.567839 -55.383354 239.07793
-7.4698863 -38.78504 243.56949
-16.551777 -53.277588 228.09729
-5.702816 8.597007 252.40927
7.1542907 -36.564404 235.78392
13.97887 -12.828139 236.33153
-6.482145 -11.414395 224.74814
5.3761134 1.0106804 260.69287
14.263414 31.207912 264.67242
17.316187 61.847546 283.26834
-22.175617 -40.63323 251.54451
-28.203207 -18.023046 256.6146
-23.501781 -14.869742 235.2123
-19.87437 5.1090503 258.145
-19.843847 38.66157 265.37933
-17.417467 72.369865 280.9234
-13.970418 -54.128887 228.01697
-5.0702257 -53.838318 234.2608
-18.328133 -56.264065 231.07779
-17.63769 -55.008625 238.41235
-7.5048876 -38.800472 244.37767
-14.129983 -51.96396 226.72531
-4.3042192 7.165567 255.97581
8.399176 -38.361847 240.9783
19.016779 -17.342596 243.497
4.236705 -16.417442 228.68924
3.5900543 2.5750327 258.52737
9.233975 32.04782 265.21747
13.453404 64.4739 280.10638
-25.749804 -40.32704 248.7532
-32.526775 -21.106773 256.56085
-20.275425 -14.541421 239.3382
-20.57641 6.227552 258.08743
-20.233532 40.44081 263.92526
-17.377645 74.591896 278.4222
-12.1144 -53.047653 227.45772
-3.7161417 -54.035862 234.08199
-16.556675 -54.90693 229.85515
-17.748869 -54.43755 236.89375
-7.5311937 -38.824146 245.22722
-14.231334 -50.90225 227.23233
-4.101607 6.3667483 258.9781
8.146396 -39.028454 241.73816
21.203568 -18.458275 239.64262
8.526989 -22.551517 223.28003
3.8917694 2.5750883 258.26984
9.362909 32.947887 263.07645
12.427927 66.02153 276.61343
-26.13196 -40.483917 249.14693
-34.748055 -21.824116 256.7133
-21.86927 -16.060698 238.72588
-21.002201 6.1857753 258.47665
-21.882507 40.107677 264.06516
-19.50092 74.0947 278.76035
-12.273804 -52.032566 227.61664
-3.7753596 -53.483303 233.81514
-16.289244 -54.304203 230.2491
-17.75607 -54.14873 236.93843
-7.4614058 -38.60784 244.8946
-16.676615 -47.101337 226.48257
-5.8071427 4.7246 261.81427
9.218176 -39.03375 241.7242
19.780798 -22.391891 253.15968
8.69524 -5.17737 250.77435
4.1458054 -3.4276292 256.65253
12.528244 25.472204 255.61436
15.351114 53.527725 272.15472
-22.84458 -40.170757 250.71626
-37.158134 -27.142698 257.91992
-27.933737 -27.145485 240.3249
-22.857672 4.3552723 258.02292
-25.430506 37.803413 263.70193
-26.33652 70.32185 278.6086
-14.601374 -47.975163 226.08217
-5.5808663 -50.15489 230.4658
-19.077682 -50.4721 229.53487
-18.129156 -52.75635 235.91684
-7.5263243 -38.092983 243.98961
-17.612623 -46.184406 225.07292
-3.507133 2.4952803 264.95398
9.564888 -36.7597 240.27872
21.16406 -18.698332 248.09973
8.717428 -9.40721 240.61346
7.9094896 -4.7465334 261.62686
15.954046 24.06738 259.57227
18.782413 51.485394 279.69876
-21.532679 -41.450657 252.41228
-33.9749 -27.532335 258.1774
-27.46674 -28.38629 240.00713
-20.751417 0.7795133 268.31088
-24.35359 32.40035 278.86682
-25.07851 62.45895 298.50583
-16.837948 -46.58176 224.18779
-7.467547 -46.91099 228.76799
-19.869747 -47.79873 228.33656
-18.759668 -51.451412 234.76144
-7.6485853 -37.516792 243.69936
-22.005268 -43.066204 227.86917
-2.4021788 0.8672936 257.64026
10.019712 -36.58831 237.45506
23.837366 -19.607035 247.24846
13.711271 -4.2795153 247.11694
7.4395666 -1.1913002 262.32773
14.903425 27.61742 266.44254
18.69987 55.41331 286.3254
-22.707077 -40.063942 251.61081
-19.803123 -23.656923 267.90393
-8.369576 -3.7292526 269.9222
-21.605835 1.3557351 264.4495
-23.92272 32.476673 271.99966
-24.082422 63.358196 290.11075
-19.432251 -42.984524 225.74556
-9.192121 -45.83876 228.44374
-21.833353 -42.66981 227.60359
-20.329662 -44.818287 232.6765
-7.617879 -37.048992 242.72583
-23.517744 -43.80178 229.52281
-0.044891175 6.156632 260.80878
4.148961 -36.193825 233.86165
10.832586 -14.002601 232.09904
-8.458739 -10.958142 224.35132
4.4644976 -1.2633891 254.42935
11.381971 26.08902 257.27295
16.155233 52.312546 273.5491
-15.600051 -38.634132 252.27728
-18.30917 -14.353808 260.57864
-21.776577 -8.359967 244.69998
-18.751333 1.7447743 261.9265
-18.519945 31.52349 271.57242
-16.303715 63.268227 289.70547
-22.571934 -43.91546 227.63246
-11.286673 -46.96001 229.419
-23.779392 -47.48985 228.39893
-21.296516 -50.69801 235.81444
-7.5918713 -36.758286 243.50848
-23.498793 -43.045025 229.36594
-0.12662111 2.2990947 262.51874
5.616414 -36.101265 236.1013
13.770879 -17.729177 231.58739
-3.1969364 -20.406122 219.72389
2.514681 1.3076245 258.28094
9.322852 29.531193 261.77042
12.418952 59.122097 277.1672
-19.168264 -38.88921 252.25787
-19.530655 -16.449118 261.98416
-18.091942 -2.9606633 248.30844
-19.42713 5.931762 258.9362
-19.652245 37.79909 266.78925
-18.08006 70.918144 284.88315
-22.169024 -42.835197 227.03828
-11.92372 -45.3386 228.8374
-23.591759 -44.819805 228.33606
-21.050451 -49.591106 235.48412
-7.4368095 -36.505764 243.8992
-21.449331 -42.926636 229.05728
-0.4949488 5.3847303 262.5307
2.8450408 -35.530727 235.82918
4.7139544 -17.993479 225.88028
-11.214795 -22.807096 219.73546
2.0700936 4.1707983 258.0423
4.4229703 33.572037 266.87872
7.182982 63.38999 280.94812
-21.044136 -39.13747 252.88133
-23.220959 -17.490532 261.8472
-18.212463 -4.789029 246.27101
-20.396769 6.1881666 259.87335
-19.208277 37.769188 268.43475
-18.178074 70.48307 286.65082
-19.993011 -43.634808 226.35597
-9.519823 -44.741947 229.11191
-22.768902 -45.62533 230.00331
-19.906883 -49.29514 237.12367
-7.3186636 -36.148357 244.23314
-20.214905 -45.42428 230.34148
-2.881096 5.470685 260.9255
2.1228523 -33.602783 233.72711
0.33739415 -16.706146 222.1303
-22.029068 -27.635754 218.13193
6.8218327 1.9260377 257.23517
12.331559 30.542599 260.93402
15.920688 57.496105 277.2082
-17.941456 -38.037445 252.97939
-24.327475 -20.192291 259.88904
-20.204498 -16.094717 247.24605
-18.801826 5.594861 262.791
-18.966227 37.102673 271.407
-17.659475 69.4033 288.99713
-19.32257 -44.19308 227.71094
-8.642267 -45.16943 229.98874
-23.135645 -46.533146 234.24559
-17.19346 -49.910603 239.47832
-7.30615 -36.034367 244.29608
-18.287897 -47.90797 230.95567
-5.6835814 7.020856 257.62994
5.5013547 -34.10537 235.60422
8.905249 -9.598512 235.45969
-12.225458 -0.6292867 232.32112
7.241101 4.3121805 261.90262
13.380848 34.76293 264.15262
21.404192 66.72619 280.80606
-20.006058 -37.718945 252.23807
-22.023893 -16.428898 262.11832
-16.120152 -3.1840544 256.2813
-17.575806 1.2873087 267.10992
-21.940296 30.389093 273.49072
-19.159512 61.1848 289.39304
-16.093788 -48.331917 229.02089
-7.7116566 -47.9761 232.06151
-19.402529 -49.539593 230.68367
-17.594637 -49.544945 237.52142
-7.3192816 -35.895016 244.09297
-17.06021 -47.704315 228.64359
-5.9701824 8.284243 257.32318
5.038335 -34.363503 235.42242
9.225683 -9.304344 236.29459
-9.761155 1.010233 234.87572
6.939041 5.0283413 262.54556
12.689104 33.869335 268.2946
18.852348 65.27714 285.2846
-18.834093 -37.507397 251.76643
-19.367228 -15.673578 262.50705
-13.428574 -2.1136186 259.27115
-17.292027 1.5315648 267.0459
-23.022354 30.492083 272.70837
-20.203094 61.59821 287.3002
-14.919636 -48.36214 227.15572
-6.6699715 -48.244778 230.87666
-18.972242 -50.4467 230.77774
-17.011889 -50.175076 237.4812
-7.3861485 -35.974995 244.1263
-17.58253 -47.465115 227.5414
-8.750783 7.7952175 254.9404
8.159706 -34.47778 237.56061
16.004509 -12.632603 239.73994
0.9045788 2.657114 233.97789
6.4502425 5.826605 263.86154
14.022014 33.676624 265.90558
24.839384 64.079445 283.45352
-21.182077 -37.637962 251.53954
-22.636614 -18.181301 263.57193
-15.692966 1.5399036 260.54977
-19.159859 3.636343 263.04037
-21.157648 34.104824 271.06024
-18.914516 65.39662 286.8273
-14.534278 -48.474014 225.34644
-5.733536 -46.9355 230.9073
-18.610432 -49.83441 229.92416
-16.701475 -50.638866 236.66997
-7.560753 -36.319576 243.97913
-18.163996 -42.262966 224.19807
-9.325081 3.4577577 270.20193
6.418458 -34.11828 236.83647
21.380405 -12.675447 238.2679
11.135146 -1.8118421 232.52103
8.628247 5.118326 263.75854
20.131174 31.458643 265.05124
29.75877 61.56189 281.64404
-19.576553 -42.497353 251.9354
-28.109974 -39.577244 279.7973
-24.888632 -30.252563 283.09128
-19.958769 6.434305 261.9134
-21.089088 39.094444 271.61877
-20.183844 70.84521 288.12485
-14.704398 -43.230106 220.83162
-3.3444185 -42.09296 227.15884
-20.388353 -45.595463 225.97281
-16.973827 -49.598946 233.8467
-7.735604 -36.67516 244.05544
-15.08459 -40.295296 224.09418
-10.32408 3.5291266 271.066
7.1204395 -35.86604 238.88306
25.689356 -18.405273 243.39186
25.25213 -7.832007 237.13176
10.938319 0.6603104 263.1456
23.379103 27.06944 261.91437
30.418783 54.79331 278.45303
-20.751173 -41.966618 251.96027
-34.731503 -40.40242 270.97098
-36.955658 -38.293358 266.55927
-20.878403 8.875277 260.1787
-21.050455 43.04163 267.82828
-19.256939 76.892975 283.87958
-12.955082 -42.467167 221.84756
-3.7990377 -42.0726 228.66225
-16.728096 -44.064415 223.64113
-16.372532 -48.213882 230.48476
-7.768122 -36.6009 244.15564
-15.103618 -44.074135 226.15465
-10.461982 5.832256 271.09756
8.273063 -34.10409 237.87445
20.280382 -14.7202215 241.80588
4.65853 -10.740666 228.54045
4.3055677 0.13621092 264.15417
7.6515245 30.001774 270.83078
11.617969 60.210743 288.4975
-17.34682 -41.578896 253.84232
-34.636948 -39.647247 265.29938
-38.738937 -53.53085 253.39546
-21.114573 7.223495 256.26624
-20.393787 41.940372 261.2858
-20.199198 75.92048 272.85712
-13.740044 -44.28971 223.81705
-5.390114 -43.905933 230.08115
-18.065096 -47.146008 225.92334
-18.143236 -50.502 232.31021
-7.7674913 -36.541603 245.14012
-14.833238 -43.113476 226.5865
-10.920697 5.2147293 272.3481
10.035067 -34.455193 239.12129
23.37424 -15.4328 247.17476
8.004849 -8.387604 237.37915
3.9561365 1.7499733 264.83603
6.305478 33.39794 272.0585
8.507381 64.792534 289.1309
-17.817545 -42.114433 254.25864
-39.006435 -43.937767 265.5239
-45.457676 -52.994152 253.60126
-20.579184 7.21167 257.8728
-20.739557 42.250618 263.2258
-19.551432 76.336945 275.63644
-13.601296 -43.50353 224.05096
-4.4265375 -43.60298 231.28526
-17.751144 -47.660686 226.80211
-17.178205 -50.405666 233.40886
-7.8459835 -36.639282 245.1422
-14.790265 -44.967197 225.95921
-9.588529 4.9216747 267.56827
7.8363338 -34.587883 239.03075
18.278107 -13.689777 236.899
1.52031 -15.009016 226.18271
1.2742144 0.17774005 266.67444
3.959582 31.04716 277.43253
5.6206 62.312775 296.80588
-20.40819 -39.523678 253.62596
-30.498102 -20.511383 264.0514
-33.471657 -15.322382 251.86812
-16.252022 8.292028 263.59518
-17.543146 42.239563 272.20648
-14.756065 75.26888 287.3976
-12.032416 -44.75202 223.54222
-2.8150275 -46.42526 231.00275
-17.345154 -48.585167 225.39583
-17.162273 -51.82577 233.916
-7.857245 -36.665672 245.21596
-14.097188 -49.442165 226.84695
-12.827071 6.596554 259.0883
7.3655577 -33.090405 236.47562
10.2799 -10.759964 228.77914
-13.644459 -22.620163 216.54485
2.6322012 3.4836085 264.1096
5.281068 35.67562 274.51907
4.1600065 65.906746 292.1022
-19.596777 -38.3828 253.08128
-33.18197 -17.088161 259.62442
-35.69586 -17.641989 240.84242
-16.85955 6.4200897 268.8967
-18.364977 38.000656 280.77847
-14.453925 69.88783 299.4392
-11.416938 -49.016205 226.11818
-2.524187 -49.47856 233.60959
-14.893092 -53.897354 231.11526
-14.61673 -53.40246 238.90227
-7.6616287 -36.91847 245.19632
-12.811464 -49.441097 226.1747
-11.748566 5.4204135 263.0603
7.9240575 -33.749805 237.12933
10.111606 -10.307341 237.29234
-13.02957 -14.130899 225.77888
-0.2694907 2.9988935 264.3351
2.9089637 34.790028 272.55524
1.4595771 65.757515 286.65692
-22.461975 -40.373272 252.45525
-32.62668 -20.144419 262.83905
-35.17373 -4.3179097 251.93146
-17.8476 7.2601275 263.00604
-20.295744 39.495914 271.95877
-21.729603 71.10606 288.57892
-10.416501 -49.636833 225.34889
-2.688479 -49.21516 232.72368
-14.852544 -53.27824 227.95718
-14.624485 -52.52282 236.3664
-7.5649304 -37.150723 245.86116
-10.994605 -48.26816 225.85861
-10.200395 2.559306 266.91162
8.06699 -36.045914 240.02835
14.415727 -13.999562 237.5905
-3.6505663 -17.896067 226.01445
3.8457081 0.4231099 265.57593
11.238496 30.850016 270.82043
10.02402 61.76032 289.0096
-23.355183 -40.2017 251.50513
-34.647293 -20.154755 263.99716
-35.80992 -1.3423625 255.0612
-18.049423 9.418658 259.68277
-20.927736 45.040676 266.31378
-23.468311 79.21514 281.57544
-8.010442 -49.56415 225.58821
-1.3726233 -49.119595 233.4546
-13.447017 -52.44397 226.41277
-14.593028 -52.12824 234.61555
-7.4605017 -37.316757 246.16792
-10.621968 -49.2628 226.38864
-10.755638 3.4503968 264.5411
8.134331 -36.253086 240.65112
14.984366 -14.222051 236.7312
-2.6427963 -18.392412 224.19307
2.9248044 -0.41225132 264.62552
10.536023 29.364109 269.9835
9.198369 59.63226 287.71805
-23.793186 -40.292007 250.81313
-35.756535 -20.134777 262.00894
-36.324997 -1.1778764 252.25314
-18.358427 8.331222 259.3752
-20.851484 43.080204 266.09592
-23.69028 77.054596 281.46783
-7.8887553 -50.687546 226.07837
-1.356016 -49.730442 234.3302
-12.976943 -53.551655 227.39325
-14.264988 -52.59529 235.611
-7.2022605 -37.331722 246.24564
-10.099755 -48.775654 226.61703
-11.399881 4.36813 265.79254
9.145504 -35.931286 241.35782
16.553528 -13.766322 241.51619
-1.4395998 -16.335546 228.0796
-0.005036154 2.312905 264.33527
3.2318413 34.1147 271.23392
2.4829018 66.468506 285.47253
-22.98101 -40.37306 251.59572
-35.056477 -20.298094 260.75415
-36.156536 -5.092445 247.58424
-21.76086 6.3831906 260.5747
-27.532217 37.631767 265.2079
-30.456442 70.01933 280.8584
-7.6710253 -49.834354 226.43164
-2.031335 -49.436615 234.15285
-12.756272 -52.769035 227.07553
-14.108216 -53.558014 235.32076
-7.0771565 -37.359238 247.1503
-10.470548 -44.98256 224.9373
-10.689149 1.4356148 269.94388
8.9863825 -36.020912 243.73975
15.990474 -16.417843 235.85419
0.314311 -26.980936 220.02809
-0.2035337 2.418998 265.131
10.184787 33.321857 267.28214
8.978698 65.12206 279.88364
-22.100965 -40.185497 253.21149
-34.310276 -20.529142 262.87396
-38.502586 -9.058167 248.74449
-19.744297 7.362792 256.89716
-23.016766 39.923992 262.6937
-24.525719 73.23657 276.36438
-8.263273 -45.96504 224.51196
-0.13181834 -47.46215 232.61313
-14.189359 -49.68471 226.77834
-14.636774 -52.365803 235.73584
-6.96799 -37.170612 246.34569
-6.42323 -44.47297 225.65889
-9.009167 2.7452886 267.29956
10.148647 -37.59 244.75244
19.57635 -17.763544 243.69374
6.3500733 -26.04867 224.27448
1.4061903 -2.3673785 259.99634
11.923519 26.77457 259.48825
10.4073105 58.32307 271.9986
-24.48165 -39.912357 247.80714
-38.324066 -20.847803 257.9732
-39.01096 0.018130949 245.59549
-22.877518 5.7894015 257.8419
-25.090069 36.783596 260.21536
-26.803677 70.49049 273.5661
-3.8978856 -45.909786 225.82486
1.2316288 -47.897823 235.32474
-8.7592945 -47.034893 226.02003
-12.7826605 -49.009766 232.76413
-6.97193 -37.135014 246.38606
-2.7601202 -43.472565 225.81305
-9.851271 5.152997 268.1825
10.699786 -37.298058 247.7487
19.502884 -19.440002 256.0103
7.5812855 -7.897851 245.47104
4.390008 -0.82756346 258.85046
12.275153 26.262283 252.7728
8.428616 56.487816 265.11508
-25.30397 -39.530975 247.07333
-40.657486 -19.748272 255.47868
-41.527428 -2.4802964 239.05186
-21.194584 7.6854105 254.04454
-23.601141 41.55419 255.36057
-24.456572 75.6577 266.7982
-0.11606619 -44.81376 226.67097
3.138417 -47.378666 236.27277
-4.882848 -45.3984 225.30223
-11.015512 -47.00219 231.12012
-6.9531736 -36.71426 243.48232
-2.370193 -41.862564 222.7618
-10.296562 7.7246413 266.9592
8.776078 -37.53948 241.83327
23.730463 -18.596584 247.30693
20.767426 -10.189578 233.51698
3.9620895 -3.5910668 262.68286
15.144535 21.434355 259.53815
12.493387 49.648537 274.47275
-24.796762 -40.03569 241.8815
-43.45195 -22.70268 248.37195
-42.862907 -8.220572 236.53651
-18.693384 5.819738 249.27039
-24.10102 33.40812 247.12807
-26.329811 65.67312 258.46674
-0.2218122 -43.5958 223.44707
3.146697 -46.553127 233.21037
-4.9465585 -44.52188 222.16849
-10.880094 -46.15027 226.5585
-6.9890575 -36.573666 242.90099
-4.818259 -41.672016 221.64494
-8.543447 7.1640854 269.37985
7.0291266 -37.780273 241.20198
25.55911 -22.003052 249.7482
27.768324 -11.859758 244.25702
4.5190444 -2.5190125 262.6895
13.128505 24.867615 262.10565
12.693713 53.80017 278.19357
-23.364271 -40.31834 243.03258
-43.236477 -22.543894 249.97003
-46.700985 -9.751776 236.93518
-20.16226 9.175625 254.52164
-23.537643 42.38842 257.242
-21.558495 75.723526 267.82254
-2.0369797 -42.73837 221.90833
1.1828572 -45.117832 232.14983
-6.9368844 -44.42101 220.43114
-12.532721 -46.312717 225.42902
-6.9931746 -36.130585 242.12073
-7.618613 -42.946663 221.89966
-9.797215 7.4175477 265.78806
7.181795 -35.82632 239.6271
29.185877 -23.450321 241.72615
33.594826 -17.981518 236.35216
4.7904806 -0.59607446 257.5615
12.819264 27.193712 257.4437
15.286544 56.936928 271.4592
-23.337082 -39.788315 244.71057
-44.769295 -26.4105 254.7977
-50.484753 -20.86591 246.49843
-19.499485 6.6506867 254.25749
-22.901943 34.432457 255.90651
-20.2237 67.63197 267.91492
-4.9802127 -44.74503 221.73239
-0.7582463 -44.433907 230.21782
-9.736024 -45.774517 219.86536
-14.754133 -46.519234 226.09789
-7.1348453 -35.459736 242.11816
-6.9094067 -45.25273 222.89766
-9.611885 11.317944 260.21353
6.362223 -38.515705 241.52356
26.89073 -29.556078 245.24608
36.167656 -22.81548 241.3079
4.0703177 -2.456245 259.6929
15.986482 24.652424 259.92938
16.388098 53.519043 275.96478
-21.452837 -38.19158 246.59996
-42.764973 -23.634651 250.9437
-47.994976 -20.2476 233.33327
-19.246605 9.5746765 253.18353
-18.988926 42.253143 258.89737
-17.414948 76.44016 273.32843
-3.410152 -46.662056 222.8853
0.98766464 -46.60417 233.54346
-10.686498 -48.740906 223.55882
-15.277489 -49.706024 229.53445
