-179.249 -192.767 87.3311
-198.544 -207.79 82.1528
-167.1 -150.383 90.1568
-175.329 -192.413 74.6647
-171.381 -166.699 65.3223
-177.393 -148.744 61.0019
-177.568 -143.225 82.6352
-172.047 -107.837 87.0434
-163.877 -72.0056 90.132
-185.939 -193.066 103.182
-183.831 -168.134 114.503
-191.866 -146.777 110.38
-181.581 -146.956 99.1351
-178.5 -109.967 98.7962
-171.171 -73.0207 98.6717
-196.745 -208.886 80.7558
-186.467 -207.762 78.1536
-198.468 -209.602 85.566
-192.884 -208.251 90.5147
-179.249 -192.767 87.3311
-198.544 -207.79 82.1528
-167.1 -150.383 90.1568
-175.329 -192.413 74.6647
-171.381 -166.699 65.3223
-177.393 -148.744 61.0019
-177.568 -143.225 82.6352
-172.047 -107.837 87.0434
-163.877 -72.0056 90.132
-185.939 -193.066 103.182
-183.831 -168.134 114.503
-191.866 -146.777 110.38
-181.581 -146.956 99.1351
-178.5 -109.967 98.7962
-171.171 -73.0207 98.6717
-196.745 -208.886 80.7558
-186.467 -207.762 78.1536
-198.468 -209.602 85.566
-192.884 -208.251 90.5147
-179.249 -192.767 87.3311
-198.544 -207.79 82.1528
-167.1 -150.383 90.1568
-175.329 -192.413 74.6647
-171.381 -166.699 65.3223
-177.393 -148.744 61.0019
-177.568 -143.225 82.6352
-172.047 -107.837 87.0434
-163.877 -72.0056 90.132
-185.939 -193.066 103.182
-183.831 -168.134 114.503
-191.866 -146.777 110.38
-181.581 -146.956 99.1351
-178.5 -109.967 98.7962
-171.171 -73.0207 98.6717
-196.745 -208.886 80.7558
-186.467 -207.762 78.1536
-198.468 -209.602 85.566
-192.884 -208.251 90.5147
-179.249 -192.767 87.3311
-198.544 -207.79 82.1528
-167.1 -150.383 90.1568
-175.329 -192.413 74.6647
-171.381 -166.699 65.3223
-177.393 -148.744 61.0019
-177.568 -143.225 82.6352
-172.047 -107.837 87.0434
-163.877 -72.0056 90.132
-185.939 -193.066 103.182
-183.831 -168.134 114.503
-191.866 -146.777 110.38
-181.581 -146.956 99.1351
-178.5 -109.967 98.7962
-171.171 -73.0207 98.6717
-196.745 -208.886 80.7558
-186.467 -207.762 78.1536
-198.468 -209.602 85.566
-192.884 -208.251 90.5147
-179.249 -192.767 87.3311
-198.544 -207.79 82.1528
-167.1 -150.383 90.1568
-175.329 -192.413 74.6647
-171.381 -166.699 65.3223
-177.393 -148.744 61.0019
-177.568 -143.225 82.6352
-172.047 -107.837 87.0434
-163.877 -72.0056 90.132
-185.939 -193.066 103.182
-183.831 -168.134 114.503
-191.866 -146.777 110.38
-181.581 -146.956 99.1351
-178.5 -109.967 98.7962
-171.171 -73.0207 98.6717
-196.745 -208.886 80.7558
-186.467 -207.762 78.1536
-198.468 -209.602 85.566
-192.884 -208.251 90.5147
-179.249 -192.767 87.3311
-198.544 -207.79 82.1528
-167.1 -150.383 90.1568
-175.329 -192.413 74.6647
-171.381 -166.699 65.3223
-177.393 -148.744 61.0019
-177.568 -143.225 82.6352
-172.047 -107.837 87.0434
-163.877 -72.0056 90.132
-185.939 -193.066 103.182
-183.831 -168.134 114.503
-191.866 -146.777 110.38
-181.581 -146.956 99.1351
-178.5 -109.967 98.7962
-171.171 -73.0207 98.6717
-196.745 -208.886 80.7558
-186.467 -207.762 78.1536
-198.468 -209.602 85.566
-192.884 -208.251 90.5147
-179.249 -192.767 87.3311
-198.544 -207.79 82.1528
-167.1 -150.383 90.1568
-175.329 -192.413 74.6647
-171.381 -166.699 65.3223
-177.393 -148.744 61.0019
-177.568 -143.225 82.6352
-172.047 -107.837 87.0434
-163.877 -72.0056 90.132
-185.939 -193.066 103.182
-183.831 -168.134 114.503
-191.866 -146.777 110.38
-181.581 -146.956 99.1351
-178.5 -109.967 98.7962
-171.171 -73.0207 98.6717
-196.745 -208.886 80.7558
-186.467 -207.762 78.1536
-198.468 -209.602 85.566
-192.884 -208.251 90.5147
-179.249 -192.767 87.3311
-198.544 -207.79 82.1528
-167.1 -150.383 90.1568
-175.329 -192.413 74.6647
-171.381 -166.699 65.3223
-177.393 -148.744 61.0019
-177.568 -143.225 82.6352
-172.047 -107.837 87.0434
-163.877 -72.0056 90.132
-185.939 -193.066 103.182
-183.831 -168.134 114.503
-191.866 -146.777 110.38
-181.581 -146.956 99.1351
-178.5 -109.967 98.7962
-171.171 -73.0207 98.6717
-196.745 -208.886 80.7558
-186.467 -207.762 78.1536
-198.468 -209.602 85.566
-192.884 -208.251 90.5147
-179.249 -192.767 87.3311
-198.544 -207.79 82.1528
-167.1 -150.383 90.1568
-175.329 -192.413 74.6647
-171.381 -166.699 65.3223
-177.393 -148.744 61.0019
-177.568 -143.225 82.6352
-172.047 -107.837 87.0434
-163.877 -72.0056 90.132
-185.939 -193.066 103.182
-183.831 -168.134 114.503
-191.866 -146.777 110.38
-181.581 -146.956 99.1351
-178.5 -109.967 98.7962
-171.171 -73.0207 98.6717
-196.745 -208.886 80.7558
-186.467 -207.762 78.1536
-198.468 -209.602 85.566
-192.884 -208.251 90.5147
-179.249 -192.767 87.3311
-198.544 -207.79 82.1528
-167.1 -150.383 90.1568
-175.329 -192.413 74.6647
-171.381 -166.699 65.3223
-177.393 -148.744 61.0019
-177.568 -143.225 82.6352
-172.047 -107.837 87.0434
-163.877 -72.0056 90.132
-185.939 -193.066 103.182
-183.831 -168.134 114.503
-191.866 -146.777 110.38
-181.581 -146.956 99.1351
-178.5 -109.967 98.7962
-171.171 -73.0207 98.6717
-196.745 -208.886 80.7558
-186.467 -207.762 78.1536
-198.468 -209.602 85.566
-192.884 -208.251 90.5147
-179.249 -192.767 87.3311
-198.544 -207.79 82.1528
-167.1 -150.383 90.1568
-175.329 -192.413 74.6647
-171.381 -166.699 65.3223
-177.393 -148.744 61.0019
-177.568 -143.225 82.6352
-172.047 -107.837 87.0434
-163.877 -72.0056 90.132
-185.939 -193.066 103.182
-183.831 -168.134 114.503
-191.866 -146.777 110.38
-181.581 -146.956 99.1351
-178.5 -109.967 98.7962
-171.171 -73.0207 98.6717
-196.745 -208.886 80.7558
-186.467 -207.762 78.1536
-198.468 -209.602 85.566
-192.884 -208.251 90.5147
-179.249 -192.767 87.3311
-198.544 -207.79 82.1528
-167.1 -150.383 90.1568
-175.329 -192.413 74.6647
-171.381 -166.699 65.3223
-177.393 -148.744 61.0019
-177.568 -143.225 82.6352
-172.047 -107.837 87.0434
-163.877 -72.0056 90.132
-185.939 -193.066 103.182
-183.831 -168.134 114.503
-191.866 -146.777 110.38
-181.581 -146.956 99.1351
-178.5 -109.967 98.7962
-171.171 -73.0207 98.6717
-196.745 -208.886 80.7558
-186.467 -207.762 78.1536
-198.468 -209.602 85.566
-192.884 -208.251 90.5147
-179.249 -192.767 87.3311
-198.544 -207.79 82.1528
-167.1 -150.383 90.1568
-175.329 -192.413 74.6647
-171.381 -166.699 65.3223
-177.393 -148.744 61.0019
-177.568 -143.225 82.6352
-172.047 -107.837 87.0434
-163.877 -72.0056 90.132
-185.939 -193.066 103.182
-183.831 -168.134 114.503
-191.866 -146.777 110.38
-181.581 -146.956 99.1351
-178.5 -109.967 98.7962
-171.171 -73.0207 98.6717
-196.745 -208.886 80.7558
-186.467 -207.762 78.1536
-198.468 -209.602 85.566
-192.884 -208.251 90.5147
-179.249 -192.767 87.3311
-198.544 -207.79 82.1528
-167.1 -150.383 90.1568
-175.329 -192.413 74.6647
-171.381 -166.699 65.3223
-177.393 -148.744 61.0019
-177.568 -143.225 82.6352
-172.047 -107.837 87.0434
-163.877 -72.0056 90.132
-185.939 -193.066 103.182
-183.831 -168.134 114.503
-191.866 -146.777 110.38
-181.581 -146.956 99.1351
-178.5 -109.967 98.7962
-171.171 -73.0207 98.6717
-196.745 -208.886 80.7558
-186.467 -207.762 78.1536
-198.468 -209.602 85.566
-192.884 -208.251 90.5147
-179.249 -192.767 87.3311
-198.544 -207.79 82.1528
-167.1 -150.383 90.1568
-175.329 -192.413 74.6647
-171.381 -166.699 65.3223
-177.393 -148.744 61.0019
-177.568 -143.225 82.6352
-172.047 -107.837 87.0434
-163.877 -72.0056 90.132
-185.939 -193.066 103.182
-183.831 -168.134 114.503
-191.866 -146.777 110.38
-181.581 -146.956 99.1351
-178.5 -109.967 98.7962
-171.171 -73.0207 98.6717
-196.745 -208.886 80.7558
-186.467 -207.762 78.1536
-198.468 -209.602 85.566
-192.884 -208.251 90.5147
-179.249 -192.767 87.3311
-198.544 -207.79 82.1528
-167.1 -150.383 90.1568
-175.329 -192.413 74.6647
-171.381 -166.699 65.3223
-177.393 -148.744 61.0019
-177.568 -143.225 82.6352
-172.047 -107.837 87.0434
-163.877 -72.0056 90.132
-185.939 -193.066 103.182
-183.831 -168.134 114.503
-191.866 -146.777 110.38
-181.581 -146.956 99.1351
-178.5 -109.967 98.7962
-171.171 -73.0207 98.6717
-196.745 -208.886 80.7558
-186.467 -207.762 78.1536
-198.468 -209.602 85.566
-192.884 -208.251 90.5147
-179.249 -192.767 87.3311
-198.544 -207.79 82.1528
-167.1 -150.383 90.1568
-175.329 -192.413 74.6647
-171.381 -166.699 65.3223
-177.393 -148.744 61.0019
-177.568 -143.225 82.6352
-172.047 -107.837 87.0434
-163.877 -72.0056 90.132
-185.939 -193.066 103.182
-183.831 -168.134 114.503
-191.866 -146.777 110.38
-181.581 -146.956 99.1351
-178.5 -109.967 98.7962
-171.171 -73.0207 98.6717
-196.745 -208.886 80.7558
-186.467 -207.762 78.1536
-198.468 -209.602 85.566
-192.884 -208.251 90.5147
-179.249 -192.767 87.3311
-198.544 -207.79 82.1528
-167.1 -150.383 90.1568
-175.329 -192.413 74.6647
-171.381 -166.699 65.3223
-177.393 -148.744 61.0019
-177.568 -143.225 82.6352
-172.047 -107.837 87.0434
-163.877 -72.0056 90.132
-185.939 -193.066 103.182
-183.831 -168.134 114.503
-191.866 -146.777 110.38
-181.581 -146.956 99.1351
-178.5 -109.967 98.7962
-171.171 -73.0207 98.6717
-196.745 -208.886 80.7558
-186.467 -207.762 78.1536
-198.468 -209.602 85.566
-192.884 -208.251 90.5147
-179.249 -192.767 87.3311
-198.544 -207.79 82.1528
-167.1 -150.383 90.1568
-175.329 -192.413 74.6647
-171.381 -166.699 65.3223
-177.393 -148.744 61.0019
-177.568 -143.225 82.6352
-172.047 -107.837 87.0434
-163.877 -72.0056 90.132
-185.939 -193.066 103.182
-183.831 -168.134 114.503
-191.866 -146.777 110.38
-181.581 -146.956 99.1351
-178.5 -109.967 98.7962
-171.171 -73.0207 98.6717
-196.745 -208.886 80.7558
-186.467 -207.762 78.1536
-198.468 -209.602 85.566
-192.884 -208.251 90.5147
-179.249 -192.767 87.3311
-198.544 -207.79 82.1528
-167.1 -150.383 90.1568
-175.329 -192.413 74.6647
-171.381 -166.699 65.3223
-177.393 -148.744 61.0019
-177.568 -143.225 82.6352
-172.047 -107.837 87.0434
-163.877 -72.0056 90.132
-185.939 -193.066 103.182
-183.831 -168.134 114.503
-191.866 -146.777 110.38
-181.581 -146.956 99.1351
-178.5 -109.967 98.7962
-171.171 -73.0207 98.6717
-196.745 -208.886 80.7558
-186.467 -207.762 78.1536
-198.468 -209.602 85.566
-192.884 -208.251 90.5147
-179.249 -192.767 87.3311
-198.544 -207.79 82.1528
-167.1 -150.383 90.1568
-175.329 -192.413 74.6647
-171.381 -166.699 65.3223
-177.393 -148.744 61.0019
-177.568 -143.225 82.6352
-172.047 -107.837 87.0434
-163.877 -72.0056 90.132
-185.939 -193.066 103.182
-183.831 -168.134 114.503
-191.866 -146.777 110.38
-181.581 -146.956 99.1351
-178.5 -109.967 98.7962
-171.171 -73.0207 98.6717
-196.745 -208.886 80.7558
-186.467 -207.762 78.1536
-198.468 -209.602 85.566
-192.884 -208.251 90.5147
-179.249 -192.767 87.3311
-198.544 -207.79 82.1528
-167.1 -150.383 90.1568
-175.329 -192.413 74.6647
-171.381 -166.699 65.3223
-177.393 -148.744 61.0019
-177.568 -143.225 82.6352
-172.047 -107.837 87.0434
-163.877 -72.0056 90.132
-185.939 -193.066 103.182
-183.831 -168.134 114.503
-191.866 -146.777 110.38
-181.581 -146.956 99.1351
-178.5 -109.967 98.7962
-171.171 -73.0207 98.6717
-196.745 -208.886 80.7558
-186.467 -207.762 78.1536
-198.468 -209.602 85.566
-192.884 -208.251 90.5147
-179.249 -192.767 87.3311
-198.544 -207.79 82.1528
-167.1 -150.383 90.1568
-175.329 -192.413 74.6647
-171.381 -166.699 65.3223
-177.393 -148.744 61.0019
-177.568 -143.225 82.6352
-172.047 -107.837 87.0434
-163.877 -72.0056 90.132
-185.939 -193.066 103.182
-183.831 -168.134 114.503
-191.866 -146.777 110.38
-181.581 -146.956 99.1351
-178.5 -109.967 98.7962
-171.171 -73.0207 98.6717
-196.745 -208.886 80.7558
-186.467 -207.762 78.1536
-198.468 -209.602 85.566
-192.884 -208.251 90.5147
-179.249 -192.767 87.3311
-198.544 -207.79 82.1528
-167.1 -150.383 90.1568
-175.329 -192.413 74.6647
-171.381 -166.699 65.3223
-177.393 -148.744 61.0019
-177.568 -143.225 82.6352
-172.047 -107.837 87.0434
-163.877 -72.0056 90.132
-185.939 -193.066 103.182
-183.831 -168.134 114.503
-191.866 -146.777 110.38
-181.581 -146.956 99.1351
-178.5 -109.967 98.7962
-171.171 -73.0207 98.6717
-196.745 -208.886 80.7558
-186.467 -207.762 78.1536
-198.468 -209.602 85.566
-192.884 -208.251 90.5147
-179.249 -192.767 87.3311
-198.544 -207.79 82.1528
-167.1 -150.383 90.1568
-175.329 -192.413 74.6647
-171.381 -166.699 65.3223
-177.393 -148.744 61.0019
-177.568 -143.225 82.6352
-172.047 -107.837 87.0434
-163.877 -72.0056 90.132
-185.939 -193.066 103.182
-183.831 -168.134 114.503
-191.866 -146.777 110.38
-181.581 -146.956 99.1351
-178.5 -109.967 98.7962
-171.171 -73.0207 98.6717
-196.745 -208.886 80.7558
-186.467 -207.762 78.1536
-198.468 -209.602 85.566
-192.884 -208.251 90.5147
-179.249 -192.767 87.3311
-198.544 -207.79 82.1528
-167.1 -150.383 90.1568
-175.329 -192.413 74.6647
-171.381 -166.699 65.3223
-177.393 -148.744 61.0019
-177.568 -143.225 82.6352
-172.047 -107.837 87.0434
-163.877 -72.0056 90.132
-185.939 -193.066 103.182
-183.831 -168.134 114.503
-191.866 -146.777 110.38
-181.581 -146.956 99.1351
-178.5 -109.967 98.7962
-171.171 -73.0207 98.6717
-196.745 -208.886 80.7558
-186.467 -207.762 78.1536
-198.468 -209.602 85.566
-192.884 -208.251 90.5147
-179.249 -192.767 87.3311
-198.544 -207.79 82.1528
-167.1 -150.383 90.1568
-175.329 -192.413 74.6647
-171.381 -166.699 65.3223
-177.393 -148.744 61.0019
-177.568 -143.225 82.6352
-172.047 -107.837 87.0434
-163.877 -72.0056 90.132
-185.939 -193.066 103.182
-183.831 -168.134 114.503
-191.866 -146.777 110.38
-181.581 -146.956 99.1351
-178.5 -109.967 98.7962
-171.171 -73.0207 98.6717
-196.745 -208.886 80.7558
-186.467 -207.762 78.1536
-198.468 -209.602 85.566
-192.884 -208.251 90.5147
-179.249 -192.767 87.3311
-198.544 -207.79 82.1528
-167.1 -150.383 90.1568
-175.329 -192.413 74.6647
-171.381 -166.699 65.3223
-177.393 -148.744 61.0019
-177.568 -143.225 82.6352
-172.047 -107.837 87.0434
-163.877 -72.0056 90.132
-185.939 -193.066 103.182
-183.831 -168.134 114.503
-191.866 -146.777 110.38
-181.581 -146.956 99.1351
-178.5 -109.967 98.7962
-171.171 -73.0207 98.6717
-196.745 -208.886 80.7558
-186.467 -207.762 78.1536
-198.468 -209.602 85.566
-192.884 -208.251 90.5147
-179.249 -192.767 87.3311
-198.544 -207.79 82.1528
-167.1 -150.383 90.1568
-175.329 -192.413 74.6647
-171.381 -166.699 65.3223
-177.393 -148.744 61.0019
-177.568 -143.225 82.6352
-172.047 -107.837 87.0434
-163.877 -72.0056 90.132
-185.939 -193.066 103.182
-183.831 -168.134 114.503
-191.866 -146.777 110.38
-181.581 -146.956 99.1351
-178.5 -109.967 98.7962
-171.171 -73.0207 98.6717
-196.745 -208.886 80.7558
-186.467 -207.762 78.1536
-198.468 -209.602 85.566
-192.884 -208.251 90.5147
-179.249 -192.767 87.3311
-198.544 -207.79 82.1528
-167.1 -150.383 90.1568
-175.329 -192.413 74.6647
-171.381 -166.699 65.3223
-177.393 -148.744 61.0019
-177.568 -143.225 82.6352
-172.047 -107.837 87.0434
-163.877 -72.0056 90.132
-185.939 -193.066 103.182
-183.831 -168.134 114.503
-191.866 -146.777 110.38
-181.581 -146.956 99.1351
-178.5 -109.967 98.7962
-171.171 -73.0207 98.6717
-196.745 -208.886 80.7558
-186.467 -207.762 78.1536
-198.468 -209.602 85.566
-192.884 -208.251 90.5147
-179.249 -192.767 87.3311
-198.544 -207.79 82.1528
-167.1 -150.383 90.1568
-175.329 -192.413 74.6647
-171.381 -166.699 65.3223
-177.393 -148.744 61.0019
-177.568 -143.225 82.6352
-172.047 -107.837 87.0434
-163.877 -72.0056 90.132
-185.939 -193.066 103.182
-183.831 -168.134 114.503
-191.866 -146.777 110.38
-181.581 -146.956 99.1351
-178.5 -109.967 98.7962
-171.171 -73.0207 98.6717
-196.745 -208.886 80.7558
-186.467 -207.762 78.1536
-198.468 -209.602 85.566
-192.884 -208.251 90.5147
-179.249 -192.767 87.3311
-198.544 -207.79 82.1528
-167.1 -150.383 90.1568
-175.329 -192.413 74.6647
-171.381 -166.699 65.3223
-177.393 -148.744 61.0019
-177.568 -143.225 82.6352
-172.047 -107.837 87.0434
-163.877 -72.0056 90.132
-185.939 -193.066 103.182
-183.831 -168.134 114.503
-191.866 -146.777 110.38
-181.581 -146.956 99.1351
-178.5 -109.967 98.7962
-171.171 -73.0207 98.6717
-196.745 -208.886 80.7558
-186.467 -207.762 78.1536
-198.468 -209.602 85.566
-192.884 -208.251 90.5147
-179.249 -192.767 87.3311
-198.544 -207.79 82.1528
-167.1 -150.383 90.1568
-175.329 -192.413 74.6647
-171.381 -166.699 65.3223
-177.393 -148.744 61.0019
-177.568 -143.225 82.6352
-172.047 -107.837 87.0434
-163.877 -72.0056 90.132
-185.939 -193.066 103.182
-183.831 -168.134 114.503
-191.866 -146.777 110.38
-181.581 -146.956 99.1351
-178.5 -109.967 98.7962
-171.171 -73.0207 98.6717
-196.745 -208.886 80.7558
-186.467 -207.762 78.1536
-198.468 -209.602 85.566
-192.884 -208.251 90.5147
-179.249 -192.767 87.3311
-198.544 -207.79 82.1528
-167.1 -150.383 90.1568
-175.329 -192.413 74.6647
-171.381 -166.699 65.3223
-177.393 -148.744 61.0019
-177.568 -143.225 82.6352
-172.047 -107.837 87.0434
-163.877 -72.0056 90.132
-185.939 -193.066 103.182
-183.831 -168.134 114.503
-191.866 -146.777 110.38
-181.581 -146.956 99.1351
-178.5 -109.967 98.7962
-171.171 -73.0207 98.6717
-196.745 -208.886 80.7558
-186.467 -207.762 78.1536
-198.468 -209.602 85.566
-192.884 -208.251 90.5147
-179.249 -192.767 87.3311
-198.544 -207.79 82.1528
-167.1 -150.383 90.1568
-175.329 -192.413 74.6647
-171.381 -166.699 65.3223
-177.393 -148.744 61.0019
-177.568 -143.225 82.6352
-172.047 -107.837 87.0434
-163.877 -72.0056 90.132
-185.939 -193.066 103.182
-183.831 -168.134 114.503
-191.866 -146.777 110.38
-181.581 -146.956 99.1351
-178.5 -109.967 98.7962
-171.171 -73.0207 98.6717
-196.745 -208.886 80.7558
-186.467 -207.762 78.1536
-198.468 -209.602 85.566
-192.884 -208.251 90.5147
-179.249 -192.767 87.3311
-198.544 -207.79 82.1528
-167.1 -150.383 90.1568
-175.329 -192.413 74.6647
-171.381 -166.699 65.3223
-177.393 -148.744 61.0019
-177.568 -143.225 82.6352
-172.047 -107.837 87.0434
-163.877 -72.0056 90.132
-185.939 -193.066 103.182
-183.831 -168.134 114.503
-191.866 -146.777 110.38
-181.581 -146.956 99.1351
-178.5 -109.967 98.7962
-171.171 -73.0207 98.6717
-196.745 -208.886 80.7558
-186.467 -207.762 78.1536
-198.468 -209.602 85.566
-192.884 -208.251 90.5147
